Case #1: 13 2 2 2 2 3 3 3 3 5 13 1 1 1 
Case #2: 33 2 2 7 1 1 1 1 1 1 1 1 1 1 1 1 1 1 1 1 1 1 1 1 1 1 1 1 1 1 1 1 1 1 
Case #3: 13 2 2 3 3 5 7 7 7 1 1 1 1 1 
Case #4: 16 2 2 2 2 2 2 2 2 2 5 7 7 1 1 1 1 
Case #5: 15 2 2 3 3 3 5 5 11 1 1 1 1 1 1 1 
Case #6: 11 2 2 2 2 3 3 11 13 1 1 1 
Case #7: 18 2 2 2 2 2 2 2 2 2 2 2 3 5 7 1 1 1 1 
Case #8: 17 2 2 2 2 2 2 2 2 3 3 3 5 7 1 1 1 1 
Case #9: 18 2 2 2 3 3 5 7 7 1 1 1 1 1 1 1 1 1 1 
Case #10: 20 2 2 2 2 2 2 2 2 2 2 2 2 2 2 2 3 5 1 1 1 
Case #11: 17 3 23 1 1 1 1 1 1 1 1 1 1 1 1 1 1 1 
Case #12: 20 2 3 3 7 11 1 1 1 1 1 1 1 1 1 1 1 1 1 1 1 
Case #13:-1
Case #14: 15 2 2 2 2 2 2 3 3 5 7 7 1 1 1 1 
Case #15: 12 2 2 2 2 2 3 5 5 5 11 1 1 
Case #16:-1
Case #17:-1
Case #18: 15 2 2 2 2 3 3 3 5 7 7 1 1 1 1 1 
Case #19:-1
Case #20:-1
Case #21: 3 5 17 19 
Case #22:-1
Case #23: 16 2 2 2 2 2 2 2 2 2 3 3 7 7 1 1 1 
Case #24: 14 2 2 2 2 2 2 2 3 3 7 11 1 1 1 
Case #25: 17 2 2 2 2 2 2 2 2 2 2 5 5 7 1 1 1 1 
Case #26: 17 2 2 2 2 3 3 3 3 3 5 7 1 1 1 1 1 1 
Case #27: 16 2 3 3 3 3 5 5 5 5 1 1 1 1 1 1 1 
Case #28: 15 2 2 2 2 3 3 7 7 7 1 1 1 1 1 1 
Case #29:-1
Case #30:-1
Case #31: 21 5 17 1 1 1 1 1 1 1 1 1 1 1 1 1 1 1 1 1 1 1 
Case #32:-1
Case #33: 35 3 5 1 1 1 1 1 1 1 1 1 1 1 1 1 1 1 1 1 1 1 1 1 1 1 1 1 1 1 1 1 1 1 1 1 
Case #34: 14 2 2 2 2 2 2 2 2 2 3 7 11 1 1 
Case #35: 13 2 2 3 3 5 7 13 1 1 1 1 1 1 
Case #36: 16 2 2 2 2 2 2 2 3 3 3 7 7 1 1 1 1 
Case #37: 22 2 2 2 2 2 2 2 2 2 2 2 2 2 2 2 2 2 2 2 1 1 1 
Case #38: 18 2 2 2 2 2 3 7 11 1 1 1 1 1 1 1 1 1 1 
Case #39:-1
Case #40:-1
Case #41:-1
Case #42: 24 2 17 1 1 1 1 1 1 1 1 1 1 1 1 1 1 1 1 1 1 1 1 1 1 
Case #43: 18 2 2 2 2 2 2 2 3 5 5 7 1 1 1 1 1 1 1 
Case #44:-1
Case #45: 20 2 2 2 2 2 2 2 3 7 7 1 1 1 1 1 1 1 1 1 1 
Case #46:-1
Case #47: 21 2 2 2 2 3 3 3 3 3 3 5 1 1 1 1 1 1 1 1 1 1 
Case #48: 24 2 2 2 2 2 2 2 3 3 3 5 1 1 1 1 1 1 1 1 1 1 1 1 1 
Case #49: 32 2 3 3 5 1 1 1 1 1 1 1 1 1 1 1 1 1 1 1 1 1 1 1 1 1 1 1 1 1 1 1 1 
Case #50: 32 2 5 5 1 1 1 1 1 1 1 1 1 1 1 1 1 1 1 1 1 1 1 1 1 1 1 1 1 1 1 1 1 
Case #51: 19 2 2 2 2 3 3 3 7 7 1 1 1 1 1 1 1 1 1 1 
Case #52: 22 2 2 2 2 2 2 2 2 2 3 3 7 1 1 1 1 1 1 1 1 1 1 
Case #53: 15 2 2 2 2 3 3 19 1 1 1 1 1 1 1 1 
Case #54: 19 2 2 2 2 2 2 2 2 2 2 3 3 5 5 1 1 1 1 1 
Case #55: 29 2 2 2 2 2 2 2 2 2 2 3 1 1 1 1 1 1 1 1 1 1 1 1 1 1 1 1 1 1 
Case #56: 18 2 2 2 2 2 2 2 2 2 2 2 5 5 5 1 1 1 1 
Case #57: 12 2 2 2 2 2 2 2 3 11 11 1 1 
Case #58: 20 2 2 2 2 2 2 2 2 2 3 3 5 5 1 1 1 1 1 1 1 
Case #59: 22 2 2 2 2 2 2 2 2 2 2 2 2 2 2 2 3 3 1 1 1 1 1 
Case #60: 20 2 3 5 5 5 7 1 1 1 1 1 1 1 1 1 1 1 1 1 1 
Case #61: 16 2 3 5 7 13 1 1 1 1 1 1 1 1 1 1 1 
Case #62: 15 2 2 2 2 2 2 2 2 5 5 11 1 1 1 1 
Case #63: 27 2 2 3 3 3 3 5 1 1 1 1 1 1 1 1 1 1 1 1 1 1 1 1 1 1 1 1 
Case #64: 19 2 2 3 3 5 5 5 5 1 1 1 1 1 1 1 1 1 1 1 
Case #65: 26 2 2 2 2 2 3 3 3 5 1 1 1 1 1 1 1 1 1 1 1 1 1 1 1 1 1 
Case #66: 13 2 2 2 2 2 2 3 5 5 7 7 1 1 
Case #67: 24 2 2 2 2 2 3 3 3 3 3 3 1 1 1 1 1 1 1 1 1 1 1 1 1 
Case #68: 11 2 2 2 2 3 3 7 17 1 1 1 
Case #69: 22 2 2 2 2 2 2 2 3 3 3 7 1 1 1 1 1 1 1 1 1 1 1 
Case #70: 18 2 2 2 3 3 3 3 7 7 1 1 1 1 1 1 1 1 1 
Case #71: 18 2 2 2 3 5 5 5 7 1 1 1 1 1 1 1 1 1 1 
Case #72: 13 2 2 3 3 3 5 5 13 1 1 1 1 1 
Case #73: 17 2 2 3 3 3 5 7 7 1 1 1 1 1 1 1 1 1 
Case #74: 25 2 2 2 2 2 2 2 2 2 2 2 2 2 2 3 1 1 1 1 1 1 1 1 1 1 
Case #75: 20 2 3 3 5 7 7 1 1 1 1 1 1 1 1 1 1 1 1 1 1 
Case #76: 21 2 2 2 2 2 2 2 2 3 3 3 3 3 3 1 1 1 1 1 1 1 
Case #77: 22 2 19 1 1 1 1 1 1 1 1 1 1 1 1 1 1 1 1 1 1 1 1 
Case #78: 21 2 2 2 2 2 2 2 2 2 2 2 2 2 2 2 2 5 1 1 1 1 
Case #79: 34 2 2 2 2 2 3 1 1 1 1 1 1 1 1 1 1 1 1 1 1 1 1 1 1 1 1 1 1 1 1 1 1 1 1 
Case #80: 26 2 2 2 2 2 3 3 7 1 1 1 1 1 1 1 1 1 1 1 1 1 1 1 1 1 1 
Case #81:-1
Case #82: 19 7 17 1 1 1 1 1 1 1 1 1 1 1 1 1 1 1 1 1 
Case #83: 27 2 2 2 2 2 2 3 3 5 1 1 1 1 1 1 1 1 1 1 1 1 1 1 1 1 1 1 
Case #84: 19 5 19 1 1 1 1 1 1 1 1 1 1 1 1 1 1 1 1 1 
Case #85: 21 2 2 2 2 3 3 3 11 1 1 1 1 1 1 1 1 1 1 1 1 1 
Case #86: 26 2 2 2 2 2 2 2 2 2 3 3 3 1 1 1 1 1 1 1 1 1 1 1 1 1 1 
Case #87: 14 2 3 3 5 5 5 11 1 1 1 1 1 1 1 
Case #88:-1
Case #89: 10 2 2 2 3 7 11 11 1 1 1 
Case #90: 18 2 2 2 2 2 2 2 2 2 3 3 11 1 1 1 1 1 1 
Case #91: 14 2 2 2 2 2 3 3 5 5 5 7 1 1 1 
Case #92: 16 2 2 2 2 2 2 2 3 3 5 5 7 1 1 1 1 
Case #93: 14 2 2 2 2 2 2 2 3 19 1 1 1 1 1 
Case #94: 18 2 3 3 3 5 5 5 5 1 1 1 1 1 1 1 1 1 1 
Case #95: 23 2 2 2 2 2 2 2 2 3 3 3 5 1 1 1 1 1 1 1 1 1 1 1 
Case #96: 17 2 2 2 2 2 2 3 17 1 1 1 1 1 1 1 1 1 
Case #97: 29 3 3 3 7 1 1 1 1 1 1 1 1 1 1 1 1 1 1 1 1 1 1 1 1 1 1 1 1 1 
Case #98: 21 2 2 2 2 2 2 3 3 3 5 5 1 1 1 1 1 1 1 1 1 1 
Case #99: 25 2 2 2 2 5 5 5 1 1 1 1 1 1 1 1 1 1 1 1 1 1 1 1 1 1 
Case #100: 9 2 2 31 1 1 1 1 1 1 
Case #101: 18 2 2 2 2 2 2 2 5 13 1 1 1 1 1 1 1 1 1 
Case #102: 28 2 2 2 2 2 2 2 2 2 3 3 1 1 1 1 1 1 1 1 1 1 1 1 1 1 1 1 1 
Case #103: 20 2 2 2 3 3 5 11 1 1 1 1 1 1 1 1 1 1 1 1 1 
Case #104:-1
Case #105: 25 2 2 5 5 7 1 1 1 1 1 1 1 1 1 1 1 1 1 1 1 1 1 1 1 1 
Case #106: 22 2 2 2 3 3 3 3 3 3 5 1 1 1 1 1 1 1 1 1 1 1 1 
Case #107: 30 2 2 2 2 2 7 1 1 1 1 1 1 1 1 1 1 1 1 1 1 1 1 1 1 1 1 1 1 1 1 
Case #108: 21 2 2 2 2 2 2 2 2 2 2 2 2 3 3 3 3 1 1 1 1 1 
Case #109:-1
Case #110:-1
Case #111: 22 2 2 2 2 2 3 3 5 7 1 1 1 1 1 1 1 1 1 1 1 1 1 
Case #112: 26 2 2 2 2 2 3 3 3 3 3 1 1 1 1 1 1 1 1 1 1 1 1 1 1 1 1 
Case #113: 13 2 2 5 5 7 7 7 1 1 1 1 1 1 
Case #114: 21 2 2 2 2 2 2 2 2 2 2 3 5 5 1 1 1 1 1 1 1 1 
Case #115:-1
Case #116: 28 2 3 11 1 1 1 1 1 1 1 1 1 1 1 1 1 1 1 1 1 1 1 1 1 1 1 1 1 
Case #117: 31 3 5 5 1 1 1 1 1 1 1 1 1 1 1 1 1 1 1 1 1 1 1 1 1 1 1 1 1 1 1 1 
Case #118: 31 11 1 1 1 1 1 1 1 1 1 1 1 1 1 1 1 1 1 1 1 1 1 1 1 1 1 1 1 1 1 1 
Case #119:-1
Case #120: 5 37 1 1 1 1 
Case #121: 12 2 2 2 2 2 3 5 7 13 1 1 1 
Case #122:-1
Case #123: 10 2 3 3 5 7 7 11 1 1 1 
Case #124: 13 2 2 3 3 3 3 3 17 1 1 1 1 1 
Case #125: 14 2 2 2 3 3 3 3 3 5 5 7 1 1 1 
Case #126: 31 2 2 2 2 2 2 5 1 1 1 1 1 1 1 1 1 1 1 1 1 1 1 1 1 1 1 1 1 1 1 1 
Case #127: 14 2 2 2 3 3 3 7 7 7 1 1 1 1 1 
Case #128: 34 2 3 5 1 1 1 1 1 1 1 1 1 1 1 1 1 1 1 1 1 1 1 1 1 1 1 1 1 1 1 1 1 1 1 
Case #129:-1
Case #130: 25 2 2 2 2 2 2 2 2 2 2 2 2 2 2 2 2 1 1 1 1 1 1 1 1 1 
Case #131: 13 2 2 3 3 3 3 5 5 11 1 1 1 1 
Case #132:-1
Case #133: 17 2 2 3 3 3 3 3 3 3 3 3 5 1 1 1 1 1 
Case #134: 15 2 2 2 2 2 2 2 2 3 3 5 11 1 1 1 
Case #135: 28 2 2 2 2 2 3 3 3 3 1 1 1 1 1 1 1 1 1 1 1 1 1 1 1 1 1 1 1 
Case #136: 24 2 2 2 3 3 3 5 5 1 1 1 1 1 1 1 1 1 1 1 1 1 1 1 1 
Case #137: 31 5 7 1 1 1 1 1 1 1 1 1 1 1 1 1 1 1 1 1 1 1 1 1 1 1 1 1 1 1 1 1 
Case #138: 19 2 2 3 3 3 3 3 3 5 5 1 1 1 1 1 1 1 1 1 
Case #139:-1
Case #140: 39 3 1 1 1 1 1 1 1 1 1 1 1 1 1 1 1 1 1 1 1 1 1 1 1 1 1 1 1 1 1 1 1 1 1 1 1 1 1 1 
Case #141: 25 2 2 2 2 3 3 3 3 3 3 1 1 1 1 1 1 1 1 1 1 1 1 1 1 1 
Case #142: 15 2 2 2 2 2 2 2 2 2 2 3 5 11 1 1 
Case #143:-1
Case #144: 16 2 2 2 2 2 2 2 5 5 5 7 1 1 1 1 1 
Case #145: 25 2 2 2 2 2 2 2 2 5 5 1 1 1 1 1 1 1 1 1 1 1 1 1 1 1 
Case #146: 19 2 2 2 2 3 3 3 3 3 3 7 1 1 1 1 1 1 1 1 
Case #147:-1
Case #148: 26 2 3 3 3 3 7 1 1 1 1 1 1 1 1 1 1 1 1 1 1 1 1 1 1 1 1 
Case #149: 18 2 3 3 3 5 13 1 1 1 1 1 1 1 1 1 1 1 1 
Case #150: 21 2 2 3 3 3 3 11 1 1 1 1 1 1 1 1 1 1 1 1 1 1 
Case #151: 15 2 2 2 2 2 2 2 2 3 7 11 1 1 1 1 
Case #152:-1
Case #153: 20 2 2 2 2 2 2 2 3 3 3 3 7 1 1 1 1 1 1 1 1 
Case #154: 33 3 3 5 1 1 1 1 1 1 1 1 1 1 1 1 1 1 1 1 1 1 1 1 1 1 1 1 1 1 1 1 1 1 
Case #155: 24 2 3 3 5 5 5 1 1 1 1 1 1 1 1 1 1 1 1 1 1 1 1 1 1 
Case #156: 32 2 2 2 2 2 5 1 1 1 1 1 1 1 1 1 1 1 1 1 1 1 1 1 1 1 1 1 1 1 1 1 1 
Case #157: 20 2 2 2 2 2 3 3 3 3 3 7 1 1 1 1 1 1 1 1 1 
Case #158:-1
Case #159: 12 2 3 3 5 5 5 13 1 1 1 1 1 
Case #160: 34 2 3 3 3 1 1 1 1 1 1 1 1 1 1 1 1 1 1 1 1 1 1 1 1 1 1 1 1 1 1 1 1 1 1 
Case #161: 19 2 2 2 2 2 2 2 2 5 5 7 1 1 1 1 1 1 1 1 
Case #162: 20 2 2 2 3 7 11 1 1 1 1 1 1 1 1 1 1 1 1 1 1 
Case #163: 10 2 3 3 3 5 5 17 1 1 1 
Case #164: 19 2 2 2 2 3 3 5 5 7 1 1 1 1 1 1 1 1 1 1 
Case #165: 14 2 2 2 2 2 3 3 3 17 1 1 1 1 1 
Case #166: 7 17 19 1 1 1 1 1 
Case #167: 17 2 2 3 5 5 13 1 1 1 1 1 1 1 1 1 1 1 
Case #168: 20 2 3 3 3 3 3 3 3 3 5 1 1 1 1 1 1 1 1 1 1 
Case #169:-1
Case #170: 18 2 2 2 2 2 2 2 2 2 3 7 7 1 1 1 1 1 1 
Case #171:-1
Case #172:-1
Case #173: 25 2 2 2 2 2 2 2 2 3 3 3 3 1 1 1 1 1 1 1 1 1 1 1 1 1 
Case #174:-1
Case #175: 15 2 2 2 2 3 3 3 3 5 11 1 1 1 1 1 
Case #176: 22 2 2 2 2 2 2 2 3 3 3 3 5 1 1 1 1 1 1 1 1 1 1 
Case #177: 20 2 3 3 3 5 5 7 1 1 1 1 1 1 1 1 1 1 1 1 1 
Case #178:-1
Case #179: 19 2 2 2 2 2 2 2 2 3 5 5 5 1 1 1 1 1 1 1 
Case #180: 21 3 3 3 3 3 3 3 3 5 1 1 1 1 1 1 1 1 1 1 1 1 
Case #181: 24 2 2 2 2 2 3 3 5 5 1 1 1 1 1 1 1 1 1 1 1 1 1 1 1 
Case #182: 18 2 2 2 2 2 2 2 2 2 3 3 5 7 1 1 1 1 1 
Case #183: 22 2 2 2 3 3 3 5 7 1 1 1 1 1 1 1 1 1 1 1 1 1 1 
Case #184: 32 2 3 7 1 1 1 1 1 1 1 1 1 1 1 1 1 1 1 1 1 1 1 1 1 1 1 1 1 1 1 1 1 
Case #185:-1
Case #186: 9 3 31 1 1 1 1 1 1 1 
Case #187: 3 11 13 17 
Case #188: 29 2 2 11 1 1 1 1 1 1 1 1 1 1 1 1 1 1 1 1 1 1 1 1 1 1 1 1 1 1 
Case #189: 23 2 2 2 2 2 2 2 2 3 3 7 1 1 1 1 1 1 1 1 1 1 1 1 
Case #190: 17 2 2 2 2 2 2 2 2 3 3 3 3 5 5 1 1 1 
Case #191: 18 2 2 2 2 2 2 2 2 2 2 2 2 2 3 5 5 1 1 
Case #192: 16 2 2 2 2 2 3 5 5 5 7 1 1 1 1 1 1 
Case #193:-1
Case #194: 20 2 2 2 2 2 2 2 3 3 11 1 1 1 1 1 1 1 1 1 1 
Case #195: 36 2 5 1 1 1 1 1 1 1 1 1 1 1 1 1 1 1 1 1 1 1 1 1 1 1 1 1 1 1 1 1 1 1 1 1 1 
Case #196: 18 2 2 2 2 2 2 2 3 3 3 11 1 1 1 1 1 1 1 
Case #197: 18 2 2 2 2 2 3 3 3 13 1 1 1 1 1 1 1 1 1 
Case #198: 20 2 2 2 2 2 5 5 5 5 1 1 1 1 1 1 1 1 1 1 1 
Case #199:-1
Case #200: 17 2 2 3 5 7 11 1 1 1 1 1 1 1 1 1 1 1 
Case #201: 16 2 2 2 2 2 3 3 3 5 11 1 1 1 1 1 1 
Case #202: 20 2 2 2 2 2 3 3 3 3 3 3 3 3 1 1 1 1 1 1 1 
Case #203:-1
Case #204: 14 2 2 2 2 2 2 2 3 3 5 13 1 1 1 
Case #205: 24 2 3 3 3 5 7 1 1 1 1 1 1 1 1 1 1 1 1 1 1 1 1 1 1 
Case #206:-1
Case #207: 19 2 2 2 2 2 2 3 3 3 3 3 7 1 1 1 1 1 1 1 
Case #208: 21 2 2 2 2 2 2 2 2 5 5 5 1 1 1 1 1 1 1 1 1 1 
Case #209: 17 2 2 2 2 2 2 3 5 5 5 5 1 1 1 1 1 1 
Case #210:-1
Case #211: 19 2 2 2 2 3 3 3 3 3 3 3 3 3 1 1 1 1 1 1 
Case #212: 22 2 2 2 3 3 3 3 5 5 1 1 1 1 1 1 1 1 1 1 1 1 1 
Case #213: 14 2 2 2 2 2 3 5 5 13 1 1 1 1 1 
Case #214: 19 2 2 2 2 3 5 13 1 1 1 1 1 1 1 1 1 1 1 1 
Case #215: 27 3 3 3 3 3 5 1 1 1 1 1 1 1 1 1 1 1 1 1 1 1 1 1 1 1 1 1 
Case #216: 32 2 2 2 3 5 1 1 1 1 1 1 1 1 1 1 1 1 1 1 1 1 1 1 1 1 1 1 1 1 1 1 1 
Case #217: 14 2 3 3 3 3 3 5 13 1 1 1 1 1 1 
Case #218: 37 5 1 1 1 1 1 1 1 1 1 1 1 1 1 1 1 1 1 1 1 1 1 1 1 1 1 1 1 1 1 1 1 1 1 1 1 1 
Case #219: 17 2 2 2 2 3 7 7 7 1 1 1 1 1 1 1 1 1 
Case #220:-1
Case #221: 41 1 1 1 1 1 1 1 1 1 1 1 1 1 1 1 1 1 1 1 1 1 1 1 1 1 1 1 1 1 1 1 1 1 1 1 1 1 1 1 1 1 
Case #222: 13 2 2 3 3 3 5 17 1 1 1 1 1 1 
Case #223: 15 2 2 2 2 2 2 3 3 3 5 5 7 1 1 1 
Case #224:-1
Case #225:-1
Case #226: 25 2 2 2 2 2 2 3 3 7 1 1 1 1 1 1 1 1 1 1 1 1 1 1 1 1 
Case #227: 18 2 2 2 2 2 2 2 3 3 5 5 5 1 1 1 1 1 1 
Case #228: 23 2 2 2 2 2 2 2 2 2 2 2 2 3 5 1 1 1 1 1 1 1 1 1 
Case #229: 22 2 2 2 2 2 2 2 2 2 2 2 3 3 5 1 1 1 1 1 1 1 1 
Case #230:-1
Case #231: 19 2 2 2 2 3 3 3 3 5 7 1 1 1 1 1 1 1 1 1 
Case #232: 24 2 2 2 2 2 2 2 2 2 5 5 1 1 1 1 1 1 1 1 1 1 1 1 1 
Case #233: 23 2 2 2 2 2 2 2 2 2 2 2 2 2 2 5 1 1 1 1 1 1 1 1 
Case #234: 21 2 2 3 5 5 5 5 1 1 1 1 1 1 1 1 1 1 1 1 1 1 
Case #235: 6 2 17 19 1 1 1 
Case #236: 17 2 2 2 2 2 2 2 2 2 2 2 2 3 5 7 1 1 
Case #237: 28 2 2 2 3 3 3 3 3 1 1 1 1 1 1 1 1 1 1 1 1 1 1 1 1 1 1 1 1 
Case #238: 24 2 3 3 3 3 3 3 5 1 1 1 1 1 1 1 1 1 1 1 1 1 1 1 1 
Case #239: 21 2 2 2 2 2 2 3 3 3 3 3 3 3 1 1 1 1 1 1 1 1 
Case #240: 16 2 2 2 2 2 2 2 2 2 3 5 5 7 1 1 1 
Case #241:-1
Case #242: 15 2 2 2 2 3 3 3 5 5 5 5 1 1 1 1 
Case #243:-1
Case #244: 19 2 2 2 2 2 2 2 2 2 2 5 5 5 1 1 1 1 1 1 
Case #245: 28 2 7 7 1 1 1 1 1 1 1 1 1 1 1 1 1 1 1 1 1 1 1 1 1 1 1 1 1 
Case #246:-1
Case #247: 21 2 2 2 2 2 2 2 2 3 11 1 1 1 1 1 1 1 1 1 1 1 
Case #248: 19 2 2 3 3 3 3 7 7 1 1 1 1 1 1 1 1 1 1 1 
Case #249: 20 2 2 2 2 2 2 2 3 5 5 5 1 1 1 1 1 1 1 1 1 
Case #250: 26 2 2 2 3 3 5 5 1 1 1 1 1 1 1 1 1 1 1 1 1 1 1 1 1 1 1 
Case #251: 25 2 2 2 2 2 2 3 5 5 1 1 1 1 1 1 1 1 1 1 1 1 1 1 1 1 
Case #252:-1
Case #253: 27 2 2 2 2 3 3 3 5 1 1 1 1 1 1 1 1 1 1 1 1 1 1 1 1 1 1 1 
Case #254: 20 2 2 2 2 2 2 2 2 2 2 2 3 3 7 1 1 1 1 1 1 
Case #255: 14 2 2 2 2 2 5 7 13 1 1 1 1 1 1 
Case #256: 15 2 2 2 2 3 3 5 5 11 1 1 1 1 1 1 
Case #257:-1
Case #258: 28 2 2 2 2 2 2 2 2 2 2 2 3 1 1 1 1 1 1 1 1 1 1 1 1 1 1 1 1 
Case #259: 20 2 2 2 3 3 3 3 3 5 5 1 1 1 1 1 1 1 1 1 1 
Case #260: 25 2 2 3 5 5 5 1 1 1 1 1 1 1 1 1 1 1 1 1 1 1 1 1 1 1 
Case #261:-1
Case #262: 25 3 3 3 3 3 3 5 1 1 1 1 1 1 1 1 1 1 1 1 1 1 1 1 1 1 
Case #263: 19 2 2 2 2 2 2 5 7 7 1 1 1 1 1 1 1 1 1 1 
Case #264: 17 2 2 3 3 3 7 11 1 1 1 1 1 1 1 1 1 1 
Case #265:-1
Case #266: 32 2 2 2 7 1 1 1 1 1 1 1 1 1 1 1 1 1 1 1 1 1 1 1 1 1 1 1 1 1 1 1 1 
Case #267: 21 2 2 2 2 2 2 3 3 5 7 1 1 1 1 1 1 1 1 1 1 1 
Case #268: 13 2 2 2 2 3 3 3 5 5 11 1 1 1 
Case #269:-1
Case #270: 17 2 2 7 7 11 1 1 1 1 1 1 1 1 1 1 1 1 
Case #271: 8 2 2 2 3 7 23 1 1 
Case #272: 20 2 3 3 3 3 3 11 1 1 1 1 1 1 1 1 1 1 1 1 1 
Case #273:-1
Case #274: 19 2 2 2 2 2 2 2 2 2 2 2 2 3 3 3 5 1 1 1 
Case #275: 23 3 3 3 5 5 5 1 1 1 1 1 1 1 1 1 1 1 1 1 1 1 1 1 
Case #276: 7 5 5 11 17 1 1 1 
Case #277: 20 2 2 2 2 2 3 3 3 3 3 3 5 1 1 1 1 1 1 1 1 
Case #278: 13 2 2 2 2 2 2 5 7 13 1 1 1 1 
Case #279: 16 2 2 2 2 2 3 19 1 1 1 1 1 1 1 1 1 
Case #280: 12 2 3 3 3 5 5 5 5 7 1 1 1 
Case #281: 21 2 2 2 2 3 3 5 5 5 1 1 1 1 1 1 1 1 1 1 1 1 
Case #282: 17 2 2 2 2 2 2 3 3 3 13 1 1 1 1 1 1 1 
Case #283:-1
Case #284: 15 2 2 2 2 2 2 3 3 3 5 11 1 1 1 1 
Case #285: 10 2 3 3 5 11 13 1 1 1 1 
Case #286: 13 2 2 3 3 3 3 7 13 1 1 1 1 1 
Case #287: 20 2 2 2 2 2 2 2 2 2 2 2 2 2 3 7 1 1 1 1 1 
Case #288: 24 2 2 2 2 2 2 2 5 7 1 1 1 1 1 1 1 1 1 1 1 1 1 1 1 
Case #289: 18 2 2 2 3 3 3 3 5 5 5 1 1 1 1 1 1 1 1 
Case #290: 22 2 2 2 2 2 2 2 2 2 5 7 1 1 1 1 1 1 1 1 1 1 1 
Case #291: 21 3 3 3 5 5 7 1 1 1 1 1 1 1 1 1 1 1 1 1 1 1 
Case #292: 28 2 2 2 2 2 3 7 1 1 1 1 1 1 1 1 1 1 1 1 1 1 1 1 1 1 1 1 1 
Case #293:-1
Case #294: 22 2 2 2 2 2 3 7 7 1 1 1 1 1 1 1 1 1 1 1 1 1 1 
Case #295:-1
Case #296: 18 2 2 2 2 2 2 2 3 3 3 3 3 3 5 1 1 1 1 
Case #297: 35 2 2 5 1 1 1 1 1 1 1 1 1 1 1 1 1 1 1 1 1 1 1 1 1 1 1 1 1 1 1 1 1 1 1 1 
Case #298: 19 2 2 2 2 2 2 3 3 3 3 3 3 5 1 1 1 1 1 1 
Case #299:-1
Case #300: 15 2 2 2 2 3 5 5 7 7 1 1 1 1 1 1 
Case #301: 23 2 2 2 2 2 2 2 2 2 2 3 7 1 1 1 1 1 1 1 1 1 1 1 
Case #302: 29 2 2 3 5 5 1 1 1 1 1 1 1 1 1 1 1 1 1 1 1 1 1 1 1 1 1 1 1 1 
Case #303: 28 2 2 2 2 2 2 2 2 2 5 1 1 1 1 1 1 1 1 1 1 1 1 1 1 1 1 1 1 
Case #304: 22 2 2 2 2 2 2 2 2 2 3 5 5 1 1 1 1 1 1 1 1 1 1 
Case #305: 18 2 2 2 2 2 2 2 3 3 3 3 5 5 1 1 1 1 1 
Case #306: 21 2 2 2 2 2 2 2 2 2 2 2 2 2 2 3 3 3 1 1 1 1 
Case #307:-1
Case #308:-1
Case #309: 5 19 19 1 1 1 
Case #310: 15 2 2 2 2 3 3 3 3 3 5 5 5 1 1 1 
Case #311: 22 2 2 2 3 5 5 7 1 1 1 1 1 1 1 1 1 1 1 1 1 1 1 
Case #312: 26 2 5 11 1 1 1 1 1 1 1 1 1 1 1 1 1 1 1 1 1 1 1 1 1 1 1 
Case #313:-1
Case #314:-1
Case #315:-1
Case #316: 22 2 2 2 2 2 2 2 5 5 5 1 1 1 1 1 1 1 1 1 1 1 1 
Case #317: 28 2 3 3 3 3 5 1 1 1 1 1 1 1 1 1 1 1 1 1 1 1 1 1 1 1 1 1 1 
Case #318: 10 2 2 2 2 2 3 7 19 1 1 
Case #319: 11 2 2 2 2 2 2 3 5 19 1 1 
Case #320: 24 2 2 2 2 2 2 2 2 2 2 2 2 2 3 3 1 1 1 1 1 1 1 1 1 
Case #321: 16 2 2 2 2 2 2 2 2 2 3 5 11 1 1 1 1 
Case #322: 11 2 2 3 3 7 19 1 1 1 1 1 
Case #323: 19 2 2 3 3 3 3 3 5 7 1 1 1 1 1 1 1 1 1 1 
Case #324: 17 2 2 3 3 3 3 5 5 7 1 1 1 1 1 1 1 1 
Case #325: 16 2 2 2 2 2 3 3 17 1 1 1 1 1 1 1 1 
Case #326: 21 2 2 2 2 3 3 3 3 3 7 1 1 1 1 1 1 1 1 1 1 1 
Case #327: 14 2 2 2 5 5 7 11 1 1 1 1 1 1 1 
Case #328:-1
Case #329: 13 2 2 2 2 3 3 5 17 1 1 1 1 1 
Case #330: 7 5 7 7 19 1 1 1 
Case #331: 25 2 2 2 2 3 3 3 7 1 1 1 1 1 1 1 1 1 1 1 1 1 1 1 1 1 
Case #332: 15 2 2 2 2 7 17 1 1 1 1 1 1 1 1 1 
Case #333: 19 2 2 2 2 2 2 2 2 2 2 3 3 3 3 5 1 1 1 1 
Case #334: 16 2 2 2 3 3 3 3 5 11 1 1 1 1 1 1 1 
Case #335:-1
Case #336:-1
Case #337: 18 2 2 2 2 2 3 3 3 3 3 5 5 1 1 1 1 1 1 
Case #338: 16 2 2 2 2 2 2 2 3 3 5 11 1 1 1 1 1 
Case #339: 13 2 2 3 3 5 5 5 11 1 1 1 1 1 
Case #340: 11 2 2 2 2 3 5 5 7 11 1 1 
Case #341: 11 2 2 2 2 2 2 3 11 13 1 1 
Case #342: 25 5 13 1 1 1 1 1 1 1 1 1 1 1 1 1 1 1 1 1 1 1 1 1 1 1 
Case #343: 20 2 2 2 2 2 2 2 3 3 5 7 1 1 1 1 1 1 1 1 1 
Case #344: 29 7 7 1 1 1 1 1 1 1 1 1 1 1 1 1 1 1 1 1 1 1 1 1 1 1 1 1 1 1 
Case #345: 15 2 2 3 3 3 3 3 5 5 7 1 1 1 1 1 
Case #346: 17 2 2 2 2 2 2 2 2 2 2 3 3 5 7 1 1 1 
Case #347: 14 2 2 2 2 2 2 2 3 5 5 5 7 1 1 
Case #348: 25 3 3 7 7 1 1 1 1 1 1 1 1 1 1 1 1 1 1 1 1 1 1 1 1 1 
Case #349: 25 3 3 3 3 3 7 1 1 1 1 1 1 1 1 1 1 1 1 1 1 1 1 1 1 1 
Case #350:-1
Case #351:-1
Case #352: 28 2 2 2 3 3 7 1 1 1 1 1 1 1 1 1 1 1 1 1 1 1 1 1 1 1 1 1 1 
Case #353: 19 2 2 2 2 2 2 2 2 3 3 3 5 5 1 1 1 1 1 1 
Case #354: 8 2 2 2 3 13 17 1 1 
Case #355:-1
Case #356: 14 2 2 2 3 3 5 7 11 1 1 1 1 1 1 
Case #357: 31 3 3 7 1 1 1 1 1 1 1 1 1 1 1 1 1 1 1 1 1 1 1 1 1 1 1 1 1 1 1 1 
Case #358: 19 2 2 2 2 2 2 3 3 3 5 7 1 1 1 1 1 1 1 1 
Case #359: 12 2 2 2 3 3 5 7 7 7 1 1 1 
Case #360:-1
Case #361: 17 2 2 3 3 3 5 5 5 5 1 1 1 1 1 1 1 1 
Case #362: 14 2 3 3 3 5 5 7 7 1 1 1 1 1 1 
Case #363: 19 2 2 3 3 5 13 1 1 1 1 1 1 1 1 1 1 1 1 1 
Case #364: 34 2 2 2 5 1 1 1 1 1 1 1 1 1 1 1 1 1 1 1 1 1 1 1 1 1 1 1 1 1 1 1 1 1 1 
Case #365: 20 2 2 2 2 2 2 2 2 2 2 2 2 2 3 3 5 1 1 1 1 
Case #366: 13 2 2 2 2 3 3 3 19 1 1 1 1 1 
Case #367: 18 2 3 3 5 5 5 7 1 1 1 1 1 1 1 1 1 1 1 
Case #368: 18 2 2 2 2 2 3 3 5 5 7 1 1 1 1 1 1 1 1 
Case #369:-1
Case #370: 16 2 2 2 2 2 3 3 3 3 3 3 5 5 1 1 1 
Case #371: 17 2 2 3 3 3 3 3 3 5 7 1 1 1 1 1 1 1 
Case #372: 21 2 2 2 2 5 5 5 5 1 1 1 1 1 1 1 1 1 1 1 1 1 
Case #373: 15 2 2 2 2 3 3 3 3 3 3 5 7 1 1 1 
Case #374: 17 2 2 2 2 3 3 3 3 3 3 3 7 1 1 1 1 1 
Case #375: 16 2 2 2 7 7 11 1 1 1 1 1 1 1 1 1 1 
Case #376: 11 31 1 1 1 1 1 1 1 1 1 1 
Case #377: 3 3 37 1 
Case #378: 14 2 2 2 2 2 2 2 5 7 11 1 1 1 1 
Case #379: 19 2 2 2 2 2 2 3 3 3 3 5 5 1 1 1 1 1 1 1 
Case #380: 12 2 2 2 2 2 3 5 7 7 7 1 1 
Case #381: 27 2 2 3 5 7 1 1 1 1 1 1 1 1 1 1 1 1 1 1 1 1 1 1 1 1 1 1 
Case #382:-1
Case #383: 15 2 2 2 2 3 3 3 3 3 13 1 1 1 1 1 
Case #384:-1
Case #385: 23 2 2 2 2 2 2 3 5 7 1 1 1 1 1 1 1 1 1 1 1 1 1 1 
Case #386: 24 2 2 2 2 2 2 2 2 2 2 2 3 5 1 1 1 1 1 1 1 1 1 1 1 
Case #387:-1
Case #388: 24 2 2 2 2 2 3 3 3 3 5 1 1 1 1 1 1 1 1 1 1 1 1 1 1 
Case #389: 15 2 2 2 2 5 19 1 1 1 1 1 1 1 1 1 
Case #390:-1
Case #391: 23 2 2 3 5 5 7 1 1 1 1 1 1 1 1 1 1 1 1 1 1 1 1 1 
Case #392:-1
Case #393: 18 2 2 2 2 2 3 5 5 5 5 1 1 1 1 1 1 1 1 
Case #394: 33 5 5 1 1 1 1 1 1 1 1 1 1 1 1 1 1 1 1 1 1 1 1 1 1 1 1 1 1 1 1 1 1 1 
Case #395: 20 2 2 2 2 2 3 5 5 7 1 1 1 1 1 1 1 1 1 1 1 
Case #396: 10 2 3 3 5 5 19 1 1 1 1 
Case #397: 28 2 2 2 2 2 2 2 3 3 3 1 1 1 1 1 1 1 1 1 1 1 1 1 1 1 1 1 1 
Case #398: 25 2 2 3 3 3 3 3 3 3 1 1 1 1 1 1 1 1 1 1 1 1 1 1 1 1 
Case #399: 21 2 2 2 2 3 3 3 3 5 5 1 1 1 1 1 1 1 1 1 1 1 
Case #400: 11 2 2 2 2 3 5 5 5 13 1 1 
Case #401:-1
Case #402: 12 2 2 2 2 2 3 3 5 17 1 1 1 
Case #403: 14 2 3 3 3 5 5 13 1 1 1 1 1 1 1 
Case #404: 16 2 2 2 2 2 3 3 3 3 13 1 1 1 1 1 1 
Case #405:-1
Case #406:-1
Case #407: 27 2 2 2 2 2 2 2 2 2 2 3 3 1 1 1 1 1 1 1 1 1 1 1 1 1 1 1 
Case #408: 16 2 2 2 3 3 5 5 11 1 1 1 1 1 1 1 1 
Case #409: 15 2 2 3 3 5 7 11 1 1 1 1 1 1 1 1 
Case #410:-1
Case #411:-1
Case #412: 23 2 2 2 2 2 2 2 2 3 3 3 3 3 1 1 1 1 1 1 1 1 1 1 
Case #413: 20 2 3 7 13 1 1 1 1 1 1 1 1 1 1 1 1 1 1 1 1 
Case #414: 27 3 3 3 3 7 1 1 1 1 1 1 1 1 1 1 1 1 1 1 1 1 1 1 1 1 1 1 
Case #415: 24 2 3 3 3 3 3 3 3 3 1 1 1 1 1 1 1 1 1 1 1 1 1 1 1 
Case #416: 20 2 2 2 3 3 3 3 5 7 1 1 1 1 1 1 1 1 1 1 1 
Case #417: 20 2 2 2 2 2 3 3 3 3 5 5 1 1 1 1 1 1 1 1 1 
Case #418: 18 2 2 2 3 3 3 5 5 7 1 1 1 1 1 1 1 1 1 
Case #419: 25 2 2 3 3 3 3 7 1 1 1 1 1 1 1 1 1 1 1 1 1 1 1 1 1 1 
Case #420: 19 2 2 3 5 5 5 7 1 1 1 1 1 1 1 1 1 1 1 1 
Case #421: 14 2 3 3 5 5 5 5 7 1 1 1 1 1 1 
Case #422: 38 2 3 1 1 1 1 1 1 1 1 1 1 1 1 1 1 1 1 1 1 1 1 1 1 1 1 1 1 1 1 1 1 1 1 1 1 1 1 
Case #423:-1
Case #424: 24 2 2 2 2 2 2 2 3 5 5 1 1 1 1 1 1 1 1 1 1 1 1 1 1 
Case #425: 31 2 2 2 2 2 2 2 2 3 1 1 1 1 1 1 1 1 1 1 1 1 1 1 1 1 1 1 1 1 1 1 
Case #426: 14 2 2 2 2 2 3 3 5 5 11 1 1 1 1 
Case #427: 16 2 2 2 2 2 3 3 5 5 5 5 1 1 1 1 1 
Case #428: 24 2 3 3 3 3 5 5 1 1 1 1 1 1 1 1 1 1 1 1 1 1 1 1 1 
Case #429: 29 2 2 2 2 2 2 3 3 3 1 1 1 1 1 1 1 1 1 1 1 1 1 1 1 1 1 1 1 1 
Case #430: 12 2 2 2 3 7 7 13 1 1 1 1 1 
Case #431: 16 2 2 2 3 3 3 5 13 1 1 1 1 1 1 1 1 
Case #432: 12 2 2 2 3 3 5 5 5 11 1 1 1 
Case #433: 35 2 2 2 2 3 1 1 1 1 1 1 1 1 1 1 1 1 1 1 1 1 1 1 1 1 1 1 1 1 1 1 1 1 1 1 
Case #434: 8 2 2 2 3 29 1 1 1 
Case #435: 34 2 2 2 3 3 1 1 1 1 1 1 1 1 1 1 1 1 1 1 1 1 1 1 1 1 1 1 1 1 1 1 1 1 1 
Case #436: 23 3 17 1 1 1 1 1 1 1 1 1 1 1 1 1 1 1 1 1 1 1 1 1 
Case #437:-1
Case #438:-1
Case #439: 22 2 2 2 5 5 5 5 1 1 1 1 1 1 1 1 1 1 1 1 1 1 1 
Case #440: 17 2 2 3 3 3 3 3 3 11 1 1 1 1 1 1 1 1 
Case #441: 20 2 2 2 2 2 2 2 2 2 2 2 3 5 5 1 1 1 1 1 1 
Case #442: 17 2 2 3 3 3 3 3 7 7 1 1 1 1 1 1 1 1 
Case #443:-1
Case #444: 25 2 2 2 2 2 2 2 2 2 2 2 2 5 1 1 1 1 1 1 1 1 1 1 1 1 
Case #445: 19 2 2 2 2 2 2 3 3 3 11 1 1 1 1 1 1 1 1 1 
Case #446: 27 5 11 1 1 1 1 1 1 1 1 1 1 1 1 1 1 1 1 1 1 1 1 1 1 1 1 1 
Case #447: 10 2 3 3 5 5 7 13 1 1 1 
Case #448: 27 2 2 2 2 2 2 2 2 2 2 2 2 3 1 1 1 1 1 1 1 1 1 1 1 1 1 1 
Case #449: 17 2 2 2 2 2 2 2 2 3 3 5 5 5 1 1 1 1 
Case #450: 14 2 2 2 2 2 3 5 5 5 5 5 1 1 1 
Case #451: 39 2 2 1 1 1 1 1 1 1 1 1 1 1 1 1 1 1 1 1 1 1 1 1 1 1 1 1 1 1 1 1 1 1 1 1 1 1 1 1 
Case #452: 18 2 2 2 5 5 13 1 1 1 1 1 1 1 1 1 1 1 1 
Case #453: 19 2 2 2 2 3 3 3 5 5 5 1 1 1 1 1 1 1 1 1 
Case #454: 26 2 2 2 2 2 2 2 2 2 2 2 3 3 1 1 1 1 1 1 1 1 1 1 1 1 1 
Case #455: 17 2 2 2 2 2 2 3 3 3 3 3 5 5 1 1 1 1 
Case #456: 17 2 2 2 2 2 2 2 2 3 3 7 7 1 1 1 1 1 
Case #457: 21 2 2 2 2 2 2 2 2 2 2 2 2 3 7 1 1 1 1 1 1 1 
Case #458: 15 2 2 2 2 3 5 5 5 5 5 1 1 1 1 1 
Case #459: 28 2 2 2 11 1 1 1 1 1 1 1 1 1 1 1 1 1 1 1 1 1 1 1 1 1 1 1 1 
Case #460:-1
Case #461:-1
Case #462: 18 2 2 2 2 2 3 3 3 3 3 3 7 1 1 1 1 1 1 
Case #463: 18 2 2 2 2 2 2 2 3 3 7 7 1 1 1 1 1 1 1 
Case #464: 21 3 19 1 1 1 1 1 1 1 1 1 1 1 1 1 1 1 1 1 1 1 
Case #465: 16 2 2 2 2 2 3 3 3 5 5 7 1 1 1 1 1 
Case #466: 12 2 3 3 3 3 3 5 5 11 1 1 1 
Case #467: 31 2 2 2 2 2 2 3 3 1 1 1 1 1 1 1 1 1 1 1 1 1 1 1 1 1 1 1 1 1 1 1 
Case #468: 35 2 2 3 3 1 1 1 1 1 1 1 1 1 1 1 1 1 1 1 1 1 1 1 1 1 1 1 1 1 1 1 1 1 1 1 
Case #469:-1
Case #470: 16 2 2 2 2 2 2 2 3 5 5 5 5 1 1 1 1 
Case #471: 20 2 2 2 3 3 3 3 11 1 1 1 1 1 1 1 1 1 1 1 1 
Case #472: 18 2 2 2 3 3 3 3 13 1 1 1 1 1 1 1 1 1 1 
Case #473: 5 3 17 19 1 1 
Case #474: 27 2 2 13 1 1 1 1 1 1 1 1 1 1 1 1 1 1 1 1 1 1 1 1 1 1 1 1 
Case #475: 16 2 2 2 2 2 2 2 3 3 3 3 5 7 1 1 1 
Case #476: 23 2 2 2 2 3 3 5 7 1 1 1 1 1 1 1 1 1 1 1 1 1 1 1 
Case #477:-1
Case #478: 29 3 5 7 1 1 1 1 1 1 1 1 1 1 1 1 1 1 1 1 1 1 1 1 1 1 1 1 1 1 
Case #479: 11 2 2 2 2 2 2 3 7 17 1 1 
Case #480: 10 2 2 2 3 5 7 7 11 1 1 
Case #481: 21 2 2 2 2 3 3 3 5 7 1 1 1 1 1 1 1 1 1 1 1 1 
Case #482: 17 2 2 2 2 3 3 3 3 3 11 1 1 1 1 1 1 1 
Case #483:-1
Case #484: 20 2 3 3 3 3 7 7 1 1 1 1 1 1 1 1 1 1 1 1 1 
Case #485:-1
Case #486:-1
Case #487: 22 2 2 2 3 3 3 3 3 3 3 3 1 1 1 1 1 1 1 1 1 1 1 
Case #488: 17 2 2 2 2 5 5 5 5 5 1 1 1 1 1 1 1 1 
Case #489: 17 2 2 2 2 3 3 3 3 7 7 1 1 1 1 1 1 1 
Case #490:-1
Case #491: 13 2 2 3 3 3 5 7 11 1 1 1 1 1 
Case #492: 14 2 2 2 3 3 3 3 17 1 1 1 1 1 1 
Case #493: 19 2 2 2 2 2 2 2 2 2 2 2 2 3 5 5 1 1 1 1 
Case #494: 18 2 2 2 2 2 3 3 3 3 5 7 1 1 1 1 1 1 1 
Case #495: 22 2 2 2 3 3 3 11 1 1 1 1 1 1 1 1 1 1 1 1 1 1 1 
Case #496: 37 2 2 2 2 1 1 1 1 1 1 1 1 1 1 1 1 1 1 1 1 1 1 1 1 1 1 1 1 1 1 1 1 1 1 1 1 1 
Case #497: 20 2 2 2 2 2 2 2 5 11 1 1 1 1 1 1 1 1 1 1 1 
Case #498:-1
Case #499: 16 2 2 2 3 3 3 3 3 5 5 5 1 1 1 1 1 
Case #500: 15 2 2 2 2 3 5 7 11 1 1 1 1 1 1 1 
Case #501: 15 2 2 3 3 3 3 3 3 3 11 1 1 1 1 1 
Case #502: 20 2 2 2 3 3 3 5 5 5 1 1 1 1 1 1 1 1 1 1 1 
Case #503: 31 2 2 3 3 5 1 1 1 1 1 1 1 1 1 1 1 1 1 1 1 1 1 1 1 1 1 1 1 1 1 1 
Case #504: 17 2 2 2 2 2 2 7 7 7 1 1 1 1 1 1 1 1 
Case #505: 19 2 2 2 2 3 3 3 3 3 3 3 5 1 1 1 1 1 1 1 
Case #506: 17 2 2 2 2 2 2 3 3 5 11 1 1 1 1 1 1 1 
Case #507: 23 2 2 2 2 2 2 2 2 2 2 2 2 3 3 3 1 1 1 1 1 1 1 1 
Case #508: 14 2 2 2 2 2 2 2 2 2 3 5 13 1 1 
Case #509: 19 2 2 2 2 2 2 3 5 5 7 1 1 1 1 1 1 1 1 1 
Case #510: 14 2 2 2 3 3 3 3 5 5 5 5 1 1 1 
Case #511: 21 2 2 2 2 2 2 2 2 2 2 3 3 7 1 1 1 1 1 1 1 1 
Case #512: 17 2 2 2 2 3 3 3 5 11 1 1 1 1 1 1 1 1 
Case #513: 17 2 2 3 5 5 7 7 1 1 1 1 1 1 1 1 1 1 
Case #514: 25 2 2 2 2 2 2 3 3 3 3 3 1 1 1 1 1 1 1 1 1 1 1 1 1 1 
Case #515: 17 2 2 3 3 7 7 7 1 1 1 1 1 1 1 1 1 1 
Case #516: 24 2 2 2 2 2 2 2 2 2 2 2 2 2 2 2 3 1 1 1 1 1 1 1 1 
Case #517: 24 2 2 2 3 5 5 5 1 1 1 1 1 1 1 1 1 1 1 1 1 1 1 1 1 
Case #518: 23 2 2 3 3 3 3 5 5 1 1 1 1 1 1 1 1 1 1 1 1 1 1 1 
Case #519: 22 2 2 2 2 2 2 2 3 3 3 3 3 3 1 1 1 1 1 1 1 1 1 
Case #520:-1
Case #521: 25 2 2 2 2 3 3 5 5 1 1 1 1 1 1 1 1 1 1 1 1 1 1 1 1 1 
Case #522: 31 3 3 3 5 1 1 1 1 1 1 1 1 1 1 1 1 1 1 1 1 1 1 1 1 1 1 1 1 1 1 1 
Case #523: 18 2 2 2 2 2 3 3 3 5 5 5 1 1 1 1 1 1 1 
Case #524: 23 2 2 2 2 2 2 3 3 3 3 5 1 1 1 1 1 1 1 1 1 1 1 1 
Case #525: 19 2 2 2 2 2 2 2 2 2 2 3 11 1 1 1 1 1 1 1 
Case #526: 20 2 2 2 2 2 2 2 3 3 3 3 3 3 3 1 1 1 1 1 1 
Case #527: 21 2 2 2 2 2 2 2 2 2 2 2 2 2 2 2 2 2 2 2 2 1 
Case #528: 18 2 2 2 3 3 3 3 3 11 1 1 1 1 1 1 1 1 1 
Case #529:-1
Case #530: 20 2 2 2 2 2 3 3 7 7 1 1 1 1 1 1 1 1 1 1 1 
Case #531: 26 2 3 3 3 3 3 5 1 1 1 1 1 1 1 1 1 1 1 1 1 1 1 1 1 1 1 
Case #532: 23 2 2 2 2 2 2 2 2 3 5 5 1 1 1 1 1 1 1 1 1 1 1 1 
Case #533: 24 2 2 2 2 2 2 2 2 2 3 3 5 1 1 1 1 1 1 1 1 1 1 1 1 
Case #534: 26 2 3 3 5 7 1 1 1 1 1 1 1 1 1 1 1 1 1 1 1 1 1 1 1 1 1 
Case #535: 16 2 2 2 3 5 7 11 1 1 1 1 1 1 1 1 1 
Case #536: 17 2 2 2 2 2 2 3 3 5 5 7 1 1 1 1 1 1 
Case #537: 23 2 2 3 3 7 7 1 1 1 1 1 1 1 1 1 1 1 1 1 1 1 1 1 
Case #538: 21 2 2 3 3 3 5 5 5 1 1 1 1 1 1 1 1 1 1 1 1 1 
Case #539: 28 2 2 2 2 2 2 2 3 5 1 1 1 1 1 1 1 1 1 1 1 1 1 1 1 1 1 1 1 
Case #540: 17 2 2 2 2 2 2 3 3 3 3 5 7 1 1 1 1 1 
Case #541: 13 7 11 13 1 1 1 1 1 1 1 1 1 1 
Case #542: 18 2 2 2 2 2 2 2 3 3 3 3 3 7 1 1 1 1 1 
Case #543: 26 2 2 2 13 1 1 1 1 1 1 1 1 1 1 1 1 1 1 1 1 1 1 1 1 1 1 
Case #544:-1
Case #545: 21 2 2 2 2 2 2 2 2 3 5 7 1 1 1 1 1 1 1 1 1 1 
Case #546: 10 2 2 2 3 5 5 7 13 1 1 
Case #547: 18 2 2 2 2 2 2 2 2 2 3 3 3 5 5 1 1 1 1 
Case #548: 17 2 2 2 2 3 19 1 1 1 1 1 1 1 1 1 1 1 
Case #549: 23 19 1 1 1 1 1 1 1 1 1 1 1 1 1 1 1 1 1 1 1 1 1 1 
Case #550: 16 2 2 2 3 3 3 5 5 5 5 1 1 1 1 1 1 
Case #551: 23 2 2 3 3 13 1 1 1 1 1 1 1 1 1 1 1 1 1 1 1 1 1 1 
Case #552: 18 2 3 5 7 11 1 1 1 1 1 1 1 1 1 1 1 1 1 
Case #553:-1
Case #554: 16 2 2 2 2 2 3 3 3 3 5 5 5 1 1 1 1 
Case #555: 15 2 2 3 3 3 3 3 3 5 5 5 1 1 1 1 
Case #556: 25 2 2 3 3 11 1 1 1 1 1 1 1 1 1 1 1 1 1 1 1 1 1 1 1 1 
Case #557: 27 3 3 11 1 1 1 1 1 1 1 1 1 1 1 1 1 1 1 1 1 1 1 1 1 1 1 1 
Case #558:-1
Case #559:-1
Case #560: 22 2 2 2 5 7 7 1 1 1 1 1 1 1 1 1 1 1 1 1 1 1 1 
Case #561: 17 2 2 2 2 3 3 3 3 5 5 5 1 1 1 1 1 1 
Case #562: 29 2 2 2 2 2 2 2 2 3 3 1 1 1 1 1 1 1 1 1 1 1 1 1 1 1 1 1 1 1 
Case #563: 21 2 2 5 5 11 1 1 1 1 1 1 1 1 1 1 1 1 1 1 1 1 
Case #564:-1
Case #565: 15 2 2 2 2 2 2 2 2 3 5 13 1 1 1 1 
Case #566: 22 2 3 3 3 5 5 5 1 1 1 1 1 1 1 1 1 1 1 1 1 1 1 
Case #567: 18 2 2 2 3 3 5 5 5 5 1 1 1 1 1 1 1 1 1 
Case #568: 23 2 2 2 2 2 2 5 5 5 1 1 1 1 1 1 1 1 1 1 1 1 1 1 
Case #569: 14 2 3 3 3 3 3 3 3 5 5 5 1 1 1 
Case #570: 23 2 2 2 2 2 2 2 2 2 2 3 3 5 1 1 1 1 1 1 1 1 1 1 
Case #571: 27 2 2 2 2 3 3 7 1 1 1 1 1 1 1 1 1 1 1 1 1 1 1 1 1 1 1 1 
Case #572: 15 2 2 2 2 5 5 5 5 7 1 1 1 1 1 1 
Case #573: 9 2 2 2 2 3 5 23 1 1 
Case #574: 16 2 2 2 2 2 5 17 1 1 1 1 1 1 1 1 1 
Case #575: 13 2 2 2 2 2 2 3 5 17 1 1 1 1 
Case #576: 13 2 2 2 2 2 2 2 2 3 7 13 1 1 
Case #577: 15 5 23 1 1 1 1 1 1 1 1 1 1 1 1 1 
Case #578:-1
Case #579:-1
Case #580:-1
Case #581: 26 2 2 2 2 2 2 2 3 3 5 1 1 1 1 1 1 1 1 1 1 1 1 1 1 1 1 
Case #582: 24 2 2 2 2 2 2 2 2 2 2 2 7 1 1 1 1 1 1 1 1 1 1 1 1 
Case #583: 22 2 2 2 2 2 2 2 2 2 2 2 2 2 3 5 1 1 1 1 1 1 1 
Case #584: 26 2 2 2 2 2 2 2 3 7 1 1 1 1 1 1 1 1 1 1 1 1 1 1 1 1 1 
Case #585: 21 11 11 1 1 1 1 1 1 1 1 1 1 1 1 1 1 1 1 1 1 1 
Case #586: 19 2 2 2 2 2 2 2 2 2 2 3 5 7 1 1 1 1 1 1 
Case #587: 12 2 29 1 1 1 1 1 1 1 1 1 1 
Case #588: 23 2 2 2 2 2 2 3 3 3 7 1 1 1 1 1 1 1 1 1 1 1 1 1 
Case #589: 21 3 3 5 5 5 5 1 1 1 1 1 1 1 1 1 1 1 1 1 1 1 
Case #590: 23 2 2 2 2 2 2 2 2 2 2 2 2 2 2 3 3 1 1 1 1 1 1 1 
Case #591: 16 2 2 2 3 3 3 3 3 3 3 3 3 5 1 1 1 
Case #592: 30 2 2 2 2 2 2 2 5 1 1 1 1 1 1 1 1 1 1 1 1 1 1 1 1 1 1 1 1 1 1 
Case #593: 22 2 2 2 2 2 2 2 2 2 2 2 3 3 3 3 1 1 1 1 1 1 1 
Case #594:-1
Case #595: 16 2 2 2 2 2 2 2 2 2 2 2 3 7 7 1 1 
Case #596: 23 2 2 2 2 2 2 2 2 2 2 3 3 3 3 1 1 1 1 1 1 1 1 1 
Case #597: 20 2 2 2 2 2 3 3 3 5 7 1 1 1 1 1 1 1 1 1 1 
Case #598:-1
Case #599: 18 2 2 2 2 2 3 17 1 1 1 1 1 1 1 1 1 1 1 
Case #600: 33 2 2 3 5 1 1 1 1 1 1 1 1 1 1 1 1 1 1 1 1 1 1 1 1 1 1 1 1 1 1 1 1 1 
Case #601:-1
Case #602: 27 2 2 3 3 5 5 1 1 1 1 1 1 1 1 1 1 1 1 1 1 1 1 1 1 1 1 1 
Case #603: 24 2 2 2 2 2 2 2 2 2 3 3 3 3 1 1 1 1 1 1 1 1 1 1 1 
Case #604: 22 2 2 2 2 2 5 5 7 1 1 1 1 1 1 1 1 1 1 1 1 1 1 
Case #605: 13 2 2 2 2 3 3 11 11 1 1 1 1 1 
Case #606: 16 2 2 2 2 2 3 3 5 7 7 1 1 1 1 1 1 
Case #607: 26 2 2 2 2 2 2 2 2 2 2 2 2 2 3 1 1 1 1 1 1 1 1 1 1 1 1 
Case #608: 17 2 2 2 2 2 2 3 5 7 7 1 1 1 1 1 1 1 
Case #609: 19 23 1 1 1 1 1 1 1 1 1 1 1 1 1 1 1 1 1 1 
Case #610: 35 2 2 2 2 2 2 1 1 1 1 1 1 1 1 1 1 1 1 1 1 1 1 1 1 1 1 1 1 1 1 1 1 1 1 1 
Case #611:-1
Case #612: 23 2 2 2 2 3 3 11 1 1 1 1 1 1 1 1 1 1 1 1 1 1 1 1 
Case #613: 14 2 2 2 2 2 3 3 3 5 7 7 1 1 1 
Case #614: 18 2 3 3 3 3 3 3 3 3 3 5 1 1 1 1 1 1 1 
Case #615: 18 2 2 2 2 2 2 2 2 2 3 3 3 3 3 5 1 1 1 
Case #616: 23 3 3 3 3 3 5 5 1 1 1 1 1 1 1 1 1 1 1 1 1 1 1 1 
Case #617:-1
Case #618: 18 2 3 3 3 3 3 7 7 1 1 1 1 1 1 1 1 1 1 
Case #619:-1
Case #620: 16 2 2 2 3 3 3 3 3 7 7 1 1 1 1 1 1 
Case #621:-1
Case #622: 13 2 2 2 2 3 5 7 13 1 1 1 1 1 
Case #623:-1
Case #624:-1
Case #625: 17 2 2 3 3 3 3 5 11 1 1 1 1 1 1 1 1 1 
Case #626: 18 2 2 2 5 5 7 7 1 1 1 1 1 1 1 1 1 1 1 
Case #627: 22 2 3 17 1 1 1 1 1 1 1 1 1 1 1 1 1 1 1 1 1 1 1 
Case #628:-1
Case #629: 17 2 2 2 2 3 3 3 3 3 3 5 5 1 1 1 1 1 
Case #630: 13 2 2 2 2 2 2 3 3 7 13 1 1 1 
Case #631: 14 2 2 2 3 3 3 5 5 11 1 1 1 1 1 
Case #632: 17 2 2 2 2 3 3 5 7 7 1 1 1 1 1 1 1 1 
Case #633: 10 2 3 3 3 5 11 11 1 1 1 
Case #634:-1
Case #635: 12 2 2 2 2 2 2 2 3 5 17 1 1 
Case #636: 16 2 3 3 3 7 13 1 1 1 1 1 1 1 1 1 1 
Case #637: 12 2 2 2 3 3 3 5 5 13 1 1 1 
Case #638: 18 2 3 3 3 5 7 7 1 1 1 1 1 1 1 1 1 1 1 
Case #639:-1
Case #640: 25 2 2 3 3 5 7 1 1 1 1 1 1 1 1 1 1 1 1 1 1 1 1 1 1 1 
Case #641: 17 2 2 2 2 2 2 3 3 3 3 11 1 1 1 1 1 1 
Case #642: 20 2 2 2 2 2 3 3 3 11 1 1 1 1 1 1 1 1 1 1 1 
Case #643: 36 2 2 2 2 2 1 1 1 1 1 1 1 1 1 1 1 1 1 1 1 1 1 1 1 1 1 1 1 1 1 1 1 1 1 1 1 
Case #644: 19 2 2 2 2 2 2 2 2 2 2 3 3 3 7 1 1 1 1 1 
Case #645:-1
Case #646: 22 2 2 2 2 2 2 2 2 2 2 2 2 2 7 1 1 1 1 1 1 1 1 
Case #647:-1
Case #648: 21 2 2 2 2 2 2 3 5 5 5 1 1 1 1 1 1 1 1 1 1 1 
Case #649:-1
Case #650: 16 2 3 3 5 17 1 1 1 1 1 1 1 1 1 1 1 
Case #651: 18 2 2 2 2 2 2 2 2 2 2 2 3 11 1 1 1 1 1 
Case #652: 10 2 2 2 2 2 3 13 13 1 1 
Case #653: 15 2 2 2 2 3 3 3 3 5 5 7 1 1 1 1 
Case #654: 12 2 3 3 3 3 5 5 7 7 1 1 1 
Case #655: 26 2 3 13 1 1 1 1 1 1 1 1 1 1 1 1 1 1 1 1 1 1 1 1 1 1 1 
Case #656: 24 2 2 2 2 2 5 5 5 1 1 1 1 1 1 1 1 1 1 1 1 1 1 1 1 
Case #657: 4 2 37 1 1 
Case #658: 23 3 3 3 7 7 1 1 1 1 1 1 1 1 1 1 1 1 1 1 1 1 1 1 
Case #659: 22 2 2 2 2 2 2 2 2 2 2 2 2 2 2 2 5 1 1 1 1 1 1 
Case #660: 17 2 2 2 2 2 2 2 2 3 3 13 1 1 1 1 1 1 
Case #661: 25 2 2 2 2 2 2 2 2 2 2 2 2 3 3 1 1 1 1 1 1 1 1 1 1 1 
Case #662: 3 17 23 1 
Case #663: 22 2 2 2 2 2 2 2 2 2 3 3 3 3 3 1 1 1 1 1 1 1 1 
Case #664: 14 2 2 2 2 2 2 2 5 5 13 1 1 1 1 
Case #665: 11 2 2 2 2 3 7 7 7 7 1 1 
Case #666: 19 2 2 3 3 3 3 3 3 3 3 5 1 1 1 1 1 1 1 1 
Case #667: 21 2 2 2 2 2 2 2 2 3 3 3 3 5 1 1 1 1 1 1 1 1 
Case #668: 14 2 2 2 5 5 5 7 7 1 1 1 1 1 1 
Case #669: 11 2 2 3 3 3 5 19 1 1 1 1 
Case #670: 15 2 2 3 3 3 3 5 5 5 5 1 1 1 1 1 
Case #671: 18 2 2 2 3 3 3 3 3 5 7 1 1 1 1 1 1 1 1 
Case #672: 19 2 2 2 2 3 7 11 1 1 1 1 1 1 1 1 1 1 1 1 
Case #673: 18 2 2 2 2 2 3 3 3 7 7 1 1 1 1 1 1 1 1 
Case #674: 20 2 2 2 3 3 3 3 3 3 3 3 3 1 1 1 1 1 1 1 1 
Case #675: 15 2 2 2 2 3 3 3 5 13 1 1 1 1 1 1 
Case #676: 11 2 2 2 2 3 3 5 19 1 1 1 
Case #677: 29 2 2 3 3 3 5 1 1 1 1 1 1 1 1 1 1 1 1 1 1 1 1 1 1 1 1 1 1 1 
Case #678: 16 2 2 2 2 2 3 3 3 3 7 7 1 1 1 1 1 
Case #679: 15 2 2 2 2 2 2 3 3 5 5 5 5 1 1 1 
Case #680: 14 2 2 2 3 3 3 3 7 11 1 1 1 1 1 
Case #681: 29 5 5 5 1 1 1 1 1 1 1 1 1 1 1 1 1 1 1 1 1 1 1 1 1 1 1 1 1 1 
Case #682: 33 2 2 2 2 2 2 3 1 1 1 1 1 1 1 1 1 1 1 1 1 1 1 1 1 1 1 1 1 1 1 1 1 1 
Case #683: 18 2 3 3 3 3 3 3 5 7 1 1 1 1 1 1 1 1 1 
Case #684: 15 2 2 3 3 3 3 3 3 3 5 7 1 1 1 1 
Case #685: 19 2 2 3 3 3 5 11 1 1 1 1 1 1 1 1 1 1 1 1 
Case #686: 12 2 3 3 5 5 5 5 5 5 1 1 1 
Case #687: 12 2 3 3 5 5 5 7 7 1 1 1 1 
Case #688: 24 2 2 2 2 2 2 2 2 2 2 2 3 3 3 1 1 1 1 1 1 1 1 1 1 
Case #689: 14 2 3 3 3 3 5 5 11 1 1 1 1 1 1 
Case #690: 16 2 3 3 3 3 3 5 5 7 1 1 1 1 1 1 1 
Case #691: 33 3 7 1 1 1 1 1 1 1 1 1 1 1 1 1 1 1 1 1 1 1 1 1 1 1 1 1 1 1 1 1 1 1 
Case #692: 30 2 3 3 7 1 1 1 1 1 1 1 1 1 1 1 1 1 1 1 1 1 1 1 1 1 1 1 1 1 1 
Case #693: 23 2 2 2 2 3 3 3 3 3 5 1 1 1 1 1 1 1 1 1 1 1 1 1 
Case #694: 22 2 2 2 2 2 2 2 2 2 2 2 2 2 3 3 3 1 1 1 1 1 1 
Case #695:-1
Case #696: 33 2 2 3 3 3 1 1 1 1 1 1 1 1 1 1 1 1 1 1 1 1 1 1 1 1 1 1 1 1 1 1 1 1 
Case #697: 22 2 2 2 2 2 3 3 3 3 3 5 1 1 1 1 1 1 1 1 1 1 1 
Case #698: 25 2 2 2 2 3 3 3 3 5 1 1 1 1 1 1 1 1 1 1 1 1 1 1 1 1 
Case #699: 22 2 2 2 2 2 2 2 3 5 7 1 1 1 1 1 1 1 1 1 1 1 1 
Case #700: 20 2 2 2 2 2 2 2 2 2 3 3 3 3 5 1 1 1 1 1 1 
Case #701: 24 2 2 2 3 3 5 7 1 1 1 1 1 1 1 1 1 1 1 1 1 1 1 1 1 
Case #702: 23 2 2 2 2 2 2 2 2 5 7 1 1 1 1 1 1 1 1 1 1 1 1 1 
Case #703: 8 2 2 2 3 11 19 1 1 
Case #704: 20 2 2 2 2 2 2 2 2 2 3 3 3 3 3 3 1 1 1 1 1 
Case #705: 15 2 2 2 2 2 2 3 5 5 5 7 1 1 1 1 
Case #706: 16 2 2 2 3 5 5 7 7 1 1 1 1 1 1 1 1 
Case #707:-1
Case #708: 23 2 2 3 5 11 1 1 1 1 1 1 1 1 1 1 1 1 1 1 1 1 1 1 
Case #709: 20 2 2 2 2 2 2 2 3 3 3 3 3 5 1 1 1 1 1 1 1 
Case #710:-1
Case #711: 22 2 2 2 2 2 2 2 3 3 5 5 1 1 1 1 1 1 1 1 1 1 1 
Case #712: 14 2 2 2 2 2 2 2 3 7 13 1 1 1 1 
Case #713:-1
Case #714: 36 2 2 2 3 1 1 1 1 1 1 1 1 1 1 1 1 1 1 1 1 1 1 1 1 1 1 1 1 1 1 1 1 1 1 1 1 
Case #715: 17 2 2 3 3 5 5 11 1 1 1 1 1 1 1 1 1 1 
Case #716: 30 2 5 7 1 1 1 1 1 1 1 1 1 1 1 1 1 1 1 1 1 1 1 1 1 1 1 1 1 1 1 
Case #717: 40 2 1 1 1 1 1 1 1 1 1 1 1 1 1 1 1 1 1 1 1 1 1 1 1 1 1 1 1 1 1 1 1 1 1 1 1 1 1 1 1 
Case #718: 10 2 31 1 1 1 1 1 1 1 1 
Case #719: 21 2 2 2 2 3 3 7 7 1 1 1 1 1 1 1 1 1 1 1 1 1 
Case #720: 25 17 1 1 1 1 1 1 1 1 1 1 1 1 1 1 1 1 1 1 1 1 1 1 1 1 
Case #721: 21 2 2 3 3 3 3 5 7 1 1 1 1 1 1 1 1 1 1 1 1 1 
Case #722: 16 2 2 2 5 5 5 11 1 1 1 1 1 1 1 1 1 
Case #723:-1
Case #724:-1
Case #725: 19 2 2 2 2 2 2 2 2 3 3 3 3 3 5 1 1 1 1 1 
Case #726: 26 2 2 2 2 2 3 5 5 1 1 1 1 1 1 1 1 1 1 1 1 1 1 1 1 1 1 
Case #727: 19 2 2 2 2 3 3 3 13 1 1 1 1 1 1 1 1 1 1 1 
Case #728: 30 2 11 1 1 1 1 1 1 1 1 1 1 1 1 1 1 1 1 1 1 1 1 1 1 1 1 1 1 1 1 
Case #729: 21 2 2 2 2 2 2 3 3 3 3 3 5 1 1 1 1 1 1 1 1 1 
Case #730: 13 2 2 3 3 3 5 5 7 7 1 1 1 1 
Case #731: 10 2 3 3 5 23 1 1 1 1 1 
Case #732: 26 2 2 2 2 2 2 2 2 2 3 5 1 1 1 1 1 1 1 1 1 1 1 1 1 1 1 
Case #733:-1
Case #734: 16 2 2 2 2 2 3 3 5 13 1 1 1 1 1 1 1 
Case #735: 22 2 2 2 2 2 2 2 2 2 2 2 2 2 2 2 2 2 3 1 1 1 1 
Case #736: 24 2 2 2 3 3 3 3 7 1 1 1 1 1 1 1 1 1 1 1 1 1 1 1 1 
Case #737: 19 2 2 2 2 3 3 5 11 1 1 1 1 1 1 1 1 1 1 1 
Case #738: 21 2 2 2 2 3 5 11 1 1 1 1 1 1 1 1 1 1 1 1 1 1 
Case #739:-1
Case #740: 24 2 2 2 2 2 2 2 3 3 7 1 1 1 1 1 1 1 1 1 1 1 1 1 1 
Case #741: 19 2 2 2 2 2 2 5 13 1 1 1 1 1 1 1 1 1 1 1 
Case #742: 22 2 2 2 2 2 2 2 2 2 3 3 3 5 1 1 1 1 1 1 1 1 1 
Case #743:-1
Case #744: 11 2 2 2 2 3 3 23 1 1 1 1 
Case #745: 22 2 2 2 2 2 3 3 3 5 5 1 1 1 1 1 1 1 1 1 1 1 1 
Case #746: 21 2 2 2 2 2 2 2 2 2 2 2 2 2 2 3 5 1 1 1 1 1 
Case #747: 18 2 2 2 3 3 3 3 3 3 3 3 5 1 1 1 1 1 1 
Case #748: 15 2 2 3 3 3 5 5 5 7 1 1 1 1 1 1 
Case #749:-1
Case #750: 21 2 2 2 2 3 5 5 7 1 1 1 1 1 1 1 1 1 1 1 1 1 
Case #751: 14 2 2 2 3 3 5 5 13 1 1 1 1 1 1 
Case #752:-1
Case #753: 24 2 2 2 2 2 3 11 1 1 1 1 1 1 1 1 1 1 1 1 1 1 1 1 1 
Case #754: 22 2 2 2 2 2 3 3 3 3 3 3 3 1 1 1 1 1 1 1 1 1 1 
Case #755: 15 2 2 2 2 2 2 2 2 3 5 5 5 5 1 1 
Case #756:-1
Case #757: 16 2 2 2 3 3 3 3 3 3 5 7 1 1 1 1 1 
Case #758:-1
Case #759: 15 2 2 2 2 2 2 3 3 5 13 1 1 1 1 1 
Case #760:-1
Case #761: 10 2 2 2 3 11 17 1 1 1 1 
Case #762: 21 2 2 2 2 2 2 2 2 3 3 3 7 1 1 1 1 1 1 1 1 1 
Case #763: 21 2 2 2 2 2 2 2 2 2 2 3 3 3 3 3 1 1 1 1 1 1 
Case #764: 18 2 2 2 2 2 2 2 2 2 5 5 7 1 1 1 1 1 1 
Case #765: 25 2 2 2 2 2 2 2 2 3 7 1 1 1 1 1 1 1 1 1 1 1 1 1 1 1 
Case #766:-1
Case #767: 26 2 2 2 2 2 2 2 2 2 7 1 1 1 1 1 1 1 1 1 1 1 1 1 1 1 1 
Case #768: 27 2 2 2 2 2 2 5 5 1 1 1 1 1 1 1 1 1 1 1 1 1 1 1 1 1 1 1 
Case #769: 23 2 2 2 2 2 2 3 3 5 5 1 1 1 1 1 1 1 1 1 1 1 1 1 
Case #770: 10 2 3 3 5 7 17 1 1 1 1 
Case #771:-1
Case #772: 14 2 2 2 3 3 3 7 13 1 1 1 1 1 1 
Case #773: 18 2 2 2 2 2 3 3 3 3 3 3 3 5 1 1 1 1 1 
Case #774: 16 2 3 3 3 3 3 3 5 5 5 1 1 1 1 1 1 
Case #775: 18 2 2 2 2 2 3 3 5 11 1 1 1 1 1 1 1 1 1 
Case #776: 22 2 2 2 3 3 5 5 5 1 1 1 1 1 1 1 1 1 1 1 1 1 1 
Case #777: 23 2 2 17 1 1 1 1 1 1 1 1 1 1 1 1 1 1 1 1 1 1 1 1 
Case #778: 24 2 2 2 2 2 2 2 2 2 2 2 2 2 5 1 1 1 1 1 1 1 1 1 1 
Case #779: 17 2 2 2 2 2 2 2 2 2 2 3 7 7 1 1 1 1 
Case #780: 15 2 2 3 3 3 3 3 3 7 7 1 1 1 1 1 
Case #781:-1
Case #782: 15 2 2 2 2 2 2 3 5 5 11 1 1 1 1 1 
Case #783: 18 2 2 2 3 3 5 13 1 1 1 1 1 1 1 1 1 1 1 
Case #784:-1
Case #785: 23 2 2 2 2 2 2 2 2 2 2 2 2 7 1 1 1 1 1 1 1 1 1 1 
Case #786: 16 2 2 2 2 2 2 2 3 5 7 7 1 1 1 1 1 
Case #787: 32 2 2 2 3 3 3 1 1 1 1 1 1 1 1 1 1 1 1 1 1 1 1 1 1 1 1 1 1 1 1 1 1 
Case #788: 14 2 3 3 3 3 3 3 3 3 5 7 1 1 1 
Case #789: 23 2 2 3 3 3 5 7 1 1 1 1 1 1 1 1 1 1 1 1 1 1 1 1 
Case #790: 25 3 3 13 1 1 1 1 1 1 1 1 1 1 1 1 1 1 1 1 1 1 1 1 1 1 
Case #791:-1
Case #792: 26 2 3 3 3 3 3 3 3 1 1 1 1 1 1 1 1 1 1 1 1 1 1 1 1 1 1 
Case #793: 17 2 2 2 2 2 2 7 13 1 1 1 1 1 1 1 1 1 
Case #794: 23 2 2 2 2 3 3 3 5 5 1 1 1 1 1 1 1 1 1 1 1 1 1 1 
Case #795:-1
Case #796: 21 2 2 2 2 2 2 2 2 2 2 2 2 2 2 2 2 2 2 3 1 1 
Case #797: 24 2 2 2 2 2 3 5 7 1 1 1 1 1 1 1 1 1 1 1 1 1 1 1 1 
Case #798:-1
Case #799:-1
Case #800:-1
Case #801: 12 2 2 2 2 2 3 3 11 11 1 1 1 
Case #802: 26 2 2 2 2 2 2 2 2 2 2 2 5 1 1 1 1 1 1 1 1 1 1 1 1 1 1 
Case #803:-1
Case #804:-1
Case #805: 21 2 2 2 2 2 2 2 2 2 2 3 3 3 5 1 1 1 1 1 1 1 
Case #806: 15 2 2 2 2 2 2 5 5 5 5 5 1 1 1 1 
Case #807: 22 2 2 2 2 2 3 3 11 1 1 1 1 1 1 1 1 1 1 1 1 1 1 
Case #808: 14 2 2 2 3 3 3 3 5 13 1 1 1 1 1 
Case #809: 23 2 2 2 2 2 2 2 2 2 2 5 5 1 1 1 1 1 1 1 1 1 1 1 
Case #810: 31 2 2 2 2 7 1 1 1 1 1 1 1 1 1 1 1 1 1 1 1 1 1 1 1 1 1 1 1 1 1 1 
Case #811:-1
Case #812: 22 2 3 3 3 3 3 3 3 5 1 1 1 1 1 1 1 1 1 1 1 1 1 
Case #813: 14 2 2 2 2 2 5 7 7 7 1 1 1 1 1 
Case #814: 35 7 1 1 1 1 1 1 1 1 1 1 1 1 1 1 1 1 1 1 1 1 1 1 1 1 1 1 1 1 1 1 1 1 1 1 
Case #815: 17 2 2 23 1 1 1 1 1 1 1 1 1 1 1 1 1 1 
Case #816: 18 2 3 3 3 7 11 1 1 1 1 1 1 1 1 1 1 1 1 
Case #817:-1
Case #818:-1
Case #819:-1
Case #820:-1
Case #821: 36 2 3 3 1 1 1 1 1 1 1 1 1 1 1 1 1 1 1 1 1 1 1 1 1 1 1 1 1 1 1 1 1 1 1 1 1 
Case #822: 13 29 1 1 1 1 1 1 1 1 1 1 1 1 
Case #823: 17 2 2 3 3 5 5 5 7 1 1 1 1 1 1 1 1 1 
Case #824: 18 2 2 2 2 2 2 2 2 2 3 5 5 5 1 1 1 1 1 
Case #825: 27 2 2 2 2 2 2 3 3 3 3 1 1 1 1 1 1 1 1 1 1 1 1 1 1 1 1 1 
Case #826: 24 2 2 2 2 2 2 2 3 3 3 3 3 1 1 1 1 1 1 1 1 1 1 1 1 
Case #827: 27 2 2 2 2 2 2 2 2 2 2 5 1 1 1 1 1 1 1 1 1 1 1 1 1 1 1 1 
Case #828: 21 2 2 2 2 3 3 3 3 3 3 3 3 1 1 1 1 1 1 1 1 1 
Case #829: 26 2 2 2 2 2 2 2 2 2 2 2 2 2 2 2 1 1 1 1 1 1 1 1 1 1 1 
Case #830: 18 2 2 2 2 2 2 2 2 2 2 2 3 3 5 5 1 1 1 
Case #831: 13 2 2 3 5 5 7 11 1 1 1 1 1 1 
Case #832:-1
Case #833: 13 2 2 3 3 3 3 3 5 13 1 1 1 1 
Case #834:-1
Case #835:-1
Case #836:-1
Case #837: 17 2 2 2 2 3 5 5 5 7 1 1 1 1 1 1 1 1 
Case #838: 12 2 2 2 3 7 7 7 7 1 1 1 1 
Case #839: 16 2 2 2 3 3 3 5 7 7 1 1 1 1 1 1 1 
Case #840: 19 3 3 3 3 3 3 3 3 3 5 1 1 1 1 1 1 1 1 1 
Case #841: 6 2 3 5 7 11 13 
Case #842: 15 2 2 2 2 3 11 11 1 1 1 1 1 1 1 1 
Case #843: 17 2 2 2 2 3 3 3 3 3 3 3 3 5 1 1 1 1 
Case #844: 25 3 3 3 3 5 5 1 1 1 1 1 1 1 1 1 1 1 1 1 1 1 1 1 1 1 
Case #845:-1
Case #846:-1
Case #847: 22 2 3 3 3 3 3 5 5 1 1 1 1 1 1 1 1 1 1 1 1 1 1 
Case #848: 19 2 2 2 2 3 17 1 1 1 1 1 1 1 1 1 1 1 1 1 
Case #849: 17 2 2 2 2 5 5 13 1 1 1 1 1 1 1 1 1 1 
Case #850: 20 2 2 2 5 5 11 1 1 1 1 1 1 1 1 1 1 1 1 1 1 
Case #851: 15 2 2 2 2 2 2 2 2 3 17 1 1 1 1 1 
Case #852: 16 2 2 2 2 2 3 3 3 3 3 11 1 1 1 1 1 
Case #853: 21 2 2 2 2 2 2 3 7 7 1 1 1 1 1 1 1 1 1 1 1 1 
Case #854: 29 13 1 1 1 1 1 1 1 1 1 1 1 1 1 1 1 1 1 1 1 1 1 1 1 1 1 1 1 1 
Case #855:-1
Case #856: 13 2 2 2 2 2 2 3 11 11 1 1 1 1 
Case #857: 18 2 2 2 3 3 3 3 3 3 5 5 1 1 1 1 1 1 1 
Case #858: 19 2 2 2 2 3 3 3 3 3 5 5 1 1 1 1 1 1 1 1 
Case #859: 21 2 2 2 2 2 2 2 2 2 2 2 2 2 2 7 1 1 1 1 1 1 
Case #860: 21 2 2 2 2 2 2 2 2 2 2 2 2 3 3 5 1 1 1 1 1 1 
Case #861: 16 2 3 3 5 7 11 1 1 1 1 1 1 1 1 1 1 
Case #862:-1
Case #863: 16 2 2 2 3 3 7 7 7 1 1 1 1 1 1 1 1 
Case #864: 21 2 2 3 5 7 7 1 1 1 1 1 1 1 1 1 1 1 1 1 1 1 
Case #865: 11 2 2 29 1 1 1 1 1 1 1 1 
Case #866: 25 2 2 2 2 2 2 3 3 3 5 1 1 1 1 1 1 1 1 1 1 1 1 1 1 1 
Case #867: 18 2 2 2 2 2 3 3 3 3 11 1 1 1 1 1 1 1 1 
Case #868: 20 2 2 2 2 2 2 2 2 2 3 3 3 7 1 1 1 1 1 1 1 
Case #869: 17 2 2 2 2 2 2 3 3 3 5 5 5 1 1 1 1 1 
Case #870: 22 2 2 2 3 3 7 7 1 1 1 1 1 1 1 1 1 1 1 1 1 1 1 
Case #871: 16 2 2 2 2 2 2 2 3 3 3 13 1 1 1 1 1 
Case #872: 17 2 2 2 2 3 3 3 5 5 7 1 1 1 1 1 1 1 
Case #873: 29 2 2 2 2 2 2 7 1 1 1 1 1 1 1 1 1 1 1 1 1 1 1 1 1 1 1 1 1 1 
Case #874: 23 2 2 2 2 3 7 7 1 1 1 1 1 1 1 1 1 1 1 1 1 1 1 1 
Case #875: 37 3 3 1 1 1 1 1 1 1 1 1 1 1 1 1 1 1 1 1 1 1 1 1 1 1 1 1 1 1 1 1 1 1 1 1 1 1 
Case #876: 19 2 2 2 2 2 2 2 2 3 3 3 3 7 1 1 1 1 1 1 
Case #877: 25 2 2 2 2 3 5 7 1 1 1 1 1 1 1 1 1 1 1 1 1 1 1 1 1 1 
Case #878: 12 2 2 2 3 3 3 5 7 11 1 1 1 
Case #879: 16 2 3 5 5 5 11 1 1 1 1 1 1 1 1 1 1 
Case #880: 28 2 13 1 1 1 1 1 1 1 1 1 1 1 1 1 1 1 1 1 1 1 1 1 1 1 1 1 1 
Case #881: 22 2 2 2 2 2 3 5 5 5 1 1 1 1 1 1 1 1 1 1 1 1 1 
Case #882: 16 2 2 2 2 2 3 3 7 11 1 1 1 1 1 1 1 
Case #883: 35 3 3 3 1 1 1 1 1 1 1 1 1 1 1 1 1 1 1 1 1 1 1 1 1 1 1 1 1 1 1 1 1 1 1 1 
Case #884: 17 2 2 2 2 2 2 3 3 3 3 3 3 3 5 1 1 1 
Case #885: 21 2 2 3 3 5 5 7 1 1 1 1 1 1 1 1 1 1 1 1 1 1 
Case #886: 20 2 2 2 2 2 3 5 11 1 1 1 1 1 1 1 1 1 1 1 1 
Case #887: 21 2 2 2 2 2 2 2 2 2 2 11 1 1 1 1 1 1 1 1 1 1 
Case #888:-1
Case #889:-1
Case #890: 29 3 11 1 1 1 1 1 1 1 1 1 1 1 1 1 1 1 1 1 1 1 1 1 1 1 1 1 1 1 
Case #891: 16 2 2 2 3 3 7 13 1 1 1 1 1 1 1 1 1 
Case #892: 13 2 2 2 2 3 3 5 5 7 7 1 1 1 
Case #893: 9 2 2 2 2 3 11 17 1 1 
Case #894: 13 2 2 5 5 7 13 1 1 1 1 1 1 1 
Case #895: 14 2 2 2 2 2 2 2 3 5 5 11 1 1 1 
Case #896: 20 2 2 2 3 3 3 3 3 3 3 5 1 1 1 1 1 1 1 1 1 
Case #897: 21 2 2 2 2 2 2 2 2 7 7 1 1 1 1 1 1 1 1 1 1 1 
Case #898: 15 2 2 2 2 7 7 11 1 1 1 1 1 1 1 1 
Case #899: 26 2 2 2 2 2 2 2 3 3 3 3 1 1 1 1 1 1 1 1 1 1 1 1 1 1 1 
Case #900: 25 7 11 1 1 1 1 1 1 1 1 1 1 1 1 1 1 1 1 1 1 1 1 1 1 1 
Case #901:-1
Case #902:-1
Case #903:-1
Case #904: 20 2 2 2 3 3 3 3 3 3 7 1 1 1 1 1 1 1 1 1 1 
Case #905: 24 2 2 2 3 3 11 1 1 1 1 1 1 1 1 1 1 1 1 1 1 1 1 1 1 
Case #906: 16 2 2 2 3 3 3 3 3 3 11 1 1 1 1 1 1 
Case #907: 20 2 2 2 2 2 2 2 2 2 2 2 2 2 2 2 2 2 5 1 1 
Case #908:-1
Case #909: 20 2 5 17 1 1 1 1 1 1 1 1 1 1 1 1 1 1 1 1 1 
Case #910:-1
Case #911: 38 2 2 2 1 1 1 1 1 1 1 1 1 1 1 1 1 1 1 1 1 1 1 1 1 1 1 1 1 1 1 1 1 1 1 1 1 1 1 
Case #912:-1
Case #913: 12 2 2 2 3 5 5 5 5 5 5 1 1 
Case #914: 21 2 2 19 1 1 1 1 1 1 1 1 1 1 1 1 1 1 1 1 1 1 
Case #915: 32 2 2 2 2 2 3 3 1 1 1 1 1 1 1 1 1 1 1 1 1 1 1 1 1 1 1 1 1 1 1 1 1 
Case #916: 34 2 7 1 1 1 1 1 1 1 1 1 1 1 1 1 1 1 1 1 1 1 1 1 1 1 1 1 1 1 1 1 1 1 1 
Case #917: 23 2 2 3 3 3 3 3 7 1 1 1 1 1 1 1 1 1 1 1 1 1 1 1 
Case #918: 18 2 23 1 1 1 1 1 1 1 1 1 1 1 1 1 1 1 1 
Case #919: 11 3 29 1 1 1 1 1 1 1 1 1 
Case #920: 13 2 2 2 2 3 5 19 1 1 1 1 1 1 
Case #921: 30 2 2 2 2 2 3 3 3 1 1 1 1 1 1 1 1 1 1 1 1 1 1 1 1 1 1 1 1 1 1 
Case #922:-1
Case #923:-1
Case #924: 33 3 3 3 3 1 1 1 1 1 1 1 1 1 1 1 1 1 1 1 1 1 1 1 1 1 1 1 1 1 1 1 1 1 
Case #925: 14 2 2 2 2 2 3 3 3 3 5 11 1 1 1 
Case #926: 23 7 13 1 1 1 1 1 1 1 1 1 1 1 1 1 1 1 1 1 1 1 1 1 
Case #927:-1
Case #928: 16 2 2 2 2 2 2 2 3 3 3 5 5 5 1 1 1 
Case #929: 12 2 2 2 3 3 5 19 1 1 1 1 1 
Case #930:-1
Case #931: 16 2 2 2 3 3 5 5 5 7 1 1 1 1 1 1 1 
Case #932: 27 2 2 2 2 3 3 3 3 3 1 1 1 1 1 1 1 1 1 1 1 1 1 1 1 1 1 1 
Case #933:-1
Case #934: 12 2 3 3 3 3 3 3 5 13 1 1 1 
Case #935: 18 2 2 2 3 3 3 3 3 3 3 3 3 3 1 1 1 1 1 
Case #936: 14 2 2 2 2 2 3 3 3 5 13 1 1 1 1 
Case #937: 19 2 2 2 2 2 2 2 2 3 3 5 7 1 1 1 1 1 1 1 
Case #938: 20 2 2 2 2 2 2 2 2 2 2 2 3 3 3 5 1 1 1 1 1 
Case #939: 24 2 2 2 2 2 2 2 2 2 3 7 1 1 1 1 1 1 1 1 1 1 1 1 1 
Case #940: 19 2 2 2 2 2 2 3 3 5 5 5 1 1 1 1 1 1 1 1 
Case #941: 34 2 2 2 2 2 2 2 1 1 1 1 1 1 1 1 1 1 1 1 1 1 1 1 1 1 1 1 1 1 1 1 1 1 1 
Case #942: 20 2 2 2 2 2 2 2 2 2 3 5 7 1 1 1 1 1 1 1 1 
Case #943: 33 2 2 2 2 5 1 1 1 1 1 1 1 1 1 1 1 1 1 1 1 1 1 1 1 1 1 1 1 1 1 1 1 1 
Case #944: 19 2 2 2 2 2 2 3 5 11 1 1 1 1 1 1 1 1 1 1 
Case #945: 26 2 2 2 3 3 3 7 1 1 1 1 1 1 1 1 1 1 1 1 1 1 1 1 1 1 1 
Case #946: 17 2 2 2 2 2 2 2 2 3 5 5 7 1 1 1 1 1 
Case #947: 26 2 2 2 3 3 3 3 5 1 1 1 1 1 1 1 1 1 1 1 1 1 1 1 1 1 1 
Case #948: 28 2 2 2 2 2 3 3 5 1 1 1 1 1 1 1 1 1 1 1 1 1 1 1 1 1 1 1 1 
Case #949:-1
Case #950: 14 2 2 2 2 2 3 3 3 7 11 1 1 1 1 
Case #951: 17 2 2 2 2 2 2 2 2 2 2 3 13 1 1 1 1 1 
Case #952:-1
Case #953: 20 2 2 2 2 2 2 2 3 3 3 5 5 1 1 1 1 1 1 1 1 
Case #954: 23 2 2 2 2 2 2 2 2 2 2 2 2 2 2 2 2 3 1 1 1 1 1 1 
Case #955: 21 2 2 3 3 3 3 3 3 3 5 1 1 1 1 1 1 1 1 1 1 1 
Case #956: 17 2 2 2 2 2 2 2 2 3 3 3 11 1 1 1 1 1 
Case #957: 21 2 2 3 3 3 3 3 5 5 1 1 1 1 1 1 1 1 1 1 1 1 
Case #958: 31 2 2 3 7 1 1 1 1 1 1 1 1 1 1 1 1 1 1 1 1 1 1 1 1 1 1 1 1 1 1 1 
Case #959: 21 2 2 2 2 2 2 2 2 3 3 5 5 1 1 1 1 1 1 1 1 1 
Case #960: 13 5 7 19 1 1 1 1 1 1 1 1 1 1 
Case #961: 17 2 2 3 3 3 17 1 1 1 1 1 1 1 1 1 1 1 
Case #962:-1
Case #963: 14 2 2 2 3 5 5 5 5 7 1 1 1 1 1 
Case #964: 18 2 2 2 2 2 5 5 5 7 1 1 1 1 1 1 1 1 1 
Case #965:-1
