965
84240
28
61740
125440
29700
20592
215040
241920
17640
491520
69
1386
79
141120
132000
38497
813
105840
53
5044
1615
85881
225792
88704
179200
136080
101250
49392
916855204
900360029
85
82
15
118272
16380
169344
524288
7392
86
122
84579
34
67200
954158175
18816
3371
58320
17280
90
50
21168
32256
2736
230400
3072
256000
46464
115200
294912
5250
2730
70400
1620
22500
4320
235200
23328
17136
24192
31752
21000
35100
26460
49152
4410
186624
38
327680
96
2016
53940
119
2880
95
4752
13824
24750
395
20328
50688
252000
201600
7296
33750
34560
3264
189
43200
2000
124
8320
4608
3960
67893369
700
29160
224
331776
725573
1000000
10080
7776
34300
76800
476014
66
75
11
9409159
37
43680
67
48510
16524
340200
320
74088
30
9489
65536
89100
48238
393660
126720
2592
5400
35
72900
322081025
3
11664
168960
100696425
112000
6400
81648
6037
1134
3510
3564
59136
47958485
72576
45
2250
160
54432
71
29250
54
44800
1848
22950
25200
14688
323
3900
65610
91857
75264
2097152
25490988
20736
536870912
71280
51840
9450
6399199
96000
32805
7200
161280
7560
42
42755209
93
2431
44
16128
518400
614400
84000
27184698
12672
10
38016
11232
20000
5657
4620
47520
209952
123
74880
1890
47
108864
32000
120000
994617
314928
16200
31200
3120
1215
120
31590
5
16464
4943
1
9180
302400
281
587234
4032
144000
61440
92160
107
45360
12800
81920
7500
646
430080
1944
7290
139968
268800
432255
270000
97
128000
98
35503
8448
15876
48000
1800
4800
8347
2160
129024
14560
39600
922505446
6144
48600
1500
9827
3645
15680
8316
4539685
56
20160
118800
83
2156
3864
5346
782
552960
3375
4675
116640
29120
1824
236250
18000
22464
3157819
95040
12870
29484
172032
4480
81000
17920
4725
672
85712697
4704
589833267
466560
20
233280
8660
58800
21504
300
2560
38400
259200
442368
214573
621008
361
486000
4200
110
7897861
113
23115571
16000
810
12768
18240
73728
84480
4788
34020
56700
4896
27216
15400
510205
12240
4655
3024
1904
414720
35640
482421315
9425
194400
63360
49500
92400
27456
65
40320
49
170100
322560
336000
441
1701
989447237
653477439
504
172800
5304
34111
27720
63
60480
123480
8015864
67500
66150
2340
40
368640
8208
15750
50400
257
583200
102060
10000
408240
244944
4312
31
111
49280
129600
164640
420
2707
50544
89
6720
30720
1817
12960
1520
457481
2100
633
60000
25
16800
8550
3456
8748
32400
78000
999999999
24480
17550
33696
986129769
106
9216
19800
13860
999999937
61966
62208
546
567
13122
22680
64800
37800
2268
10500
78750
6
5767201
9600
768
79200
180000
4050
1728
15288
14040
99000
48
696
72
51
42105
805306368
5000
32076
153600
47628
519
20480
19008
55
40950
12288
288000
300000
4
2600
54000
18432
388800
112896
86016
150000
88
1671
625433749
163296
56448
57
151200
133650
576
36
226151256
240000
7128
8424
969
52
362880
5040
5361
105
22848
64680
15120
42768
73
7938
4733
7390
52488
50000
63504
82268566
41580
11016
307200
90720
2376
16
7040
6541551
243000
18480
96228
27000
180
21952
174960
31680
110592
99840
33600
405000
64512
23760
14700
15552
12348
98304
3000
8100
93312
983900459
3600
135
108000
25920
33792
279936
1048576
21384
194241
14112
2430
19200
23040
630
9240
100800
1764
13500
1920
181440
1001
217728
104
8826131
26880
54600
345600
912
19
135000
468
2310
362
324000
364500
396
99
109
688978813
1960
162000
2304
1100
2906162
49920
6750
45000
8000
546750
46080
1008
70000
5520
2720
16320
69888
115
3509575
1741
118
5760
14336
122880
2688
121
107520
58
12096
5625
147456
787320
640
165888
127
301056
82944
30240
938017885
1632
60
33401221
900
41472
5600
17424
70560
24576
47040
23
64
346742385
1584
211680
196830
622080
6075
2403381
23814
1249
95256
641
21840
981028563
5721
17820
9800
102
967669583
291600
52416
59400
35280
32670
673921
32640
4914
70200
13230
282791
1260
57024
9504
32
193536
59
57344
129
24000
746803744
1530
67584
16224
226800
198450
78
4000
74
1323
163840
29952
36864
391
124416
41600
115248
131220
103680
49000
10260
202500
68040
3696
42336
157464
28080
13680
540
127008
360000
49896
125
192
51030
306180
5940
281250
110250
55296
44550
85050
21
126
19440
221184
926315427
108
38880
6480
13440
207360
2520
8960
5016
373248
168000
29400
517759
660
155520
964532929
28800
34944
7785
24
9900
70
2
62
7056
17
11340
11000
30973
904152917
311040
2400
5616
22
77760
132300
2070
7680
1000000000
18720
393216
4536
7920
2640
501
8064
4160
69120
25002
3312
21600
245760
262440
94500
6765
8400
23400
94
1056
69984
480000
80949857
204120
118263990
37440
5601
4488
48384
248832
89600
5376
961175759
3584
1600
14400
10710
70235461
19656
349920
182250
15840
9000
68
40960
150528
142884
43
52800
4680
987
28672
94080
216
459270
3780
117
8772
4374
5824
10800
949106497
786432
3360
998506315
473
71805
34848
10240
131
8087519
138240
200000
3168
42120
25600
112
79548
21870
54880
7
92
4158
58054077
122877509
7389
103
18
29
31500
192000
5184
31104
5120
104976
32768
460800
23100
101
63180
474
5073
998244353
42000
57624
52920
98415
30030
5808
524880
2025
21383
934
12150
816
5200
2200
13056
85536
9408
13
2618049
23232
145800
97200
114688
184320
6930
47473
24696
2940
116
8640
28512
96768
216000
3528
44928
75600
448
2352
9
145152
1680
83160
8250
26
12000
22176
27
699840
6300
5280
11264
33108
7025
33
6552
176400
8976
9100
105600
87480
12544
8624
10368
77
64922375
5297
1001604
40824
792
64152
655360
8372259
170
193
8
697106497
375000
76
288
14
6804
46
87
4560
864
11085765
92317161
81
142560
91
409342369
432000
6840
131980
63000
3888
7455307
94770
472392
56160
80640
276480
10752
72000
128
53760
80
10560
1512
134400
3240
1440
36283838
66528
39936
999999998
86400
196608
43740
76032
24300
84
57600
665
1836
957262828
105000
28000
559
