1000000000 16
200000001 3 100000003 1000000000
1 1 100000001 1000000000
400000001 5 100000005 1000000000
1 900000000 1000000000 1000000000
500000001 899999995 999999995 1000000000
500000001 6 100000006 1000000000
600000001 899999994 999999994 1000000000
700000001 500000001 999999993 1000000000
400000001 899999996 999999996 1000000000
300000001 4 100000004 1000000000
100000001 2 100000002 1000000000
100000001 899999999 999999999 1000000000
200000001 899999998 999999998 1000000000
300000001 899999997 999999997 1000000000
600000001 7 100000007 1000000000
700000001 8 500000000 1000000000
