1000000000 16
672706728 1 200000000 497504405
685823406 186883323 386883322 774982231
674014449 375074366 575074365 773000447
654139023 555198940 755198939 790219287
656808645 752529318 952529317 476720223
644457233 940177906 1000000000 664282982
959379929 1 200000000 786969801
978273081 181106849 381106848 156178942
970470960 373304728 573304727 52380856
963678424 566512192 766512191 629581194
975886298 754304318 954304317 859536904
966136618 944554638 1000000000 920212132
943501287 1 200000000 520127664
957855106 185646182 385646181 297553929
942004197 369795273 569795272 840507808
941763273 569554349 769554348 552933044
