1000000000 16
540954071 1 10000000 710172197
540536129 9582059 19582058 536145072
539536499 18582429 28582428 814753471
539185649 28231579 38231578 620882859
538350203 37396133 47396132 386658616
539249992 46496344 56496343 870617207
539643763 56102573 66102572 904970863
539573301 66032111 76032110 854258001
540137797 75467615 85467614 889643934
540795700 84809712 94809711 687201258
540321200 94335212 104335211 792778772
539433155 103447167 113447166 768340174
539220588 113234600 123234599 732188808
539055971 123069983 133069982 889221649
538818255 132832267 142832266 81047859
538866825 142783697 152783696 759712133
