1000000000 16
308520246 1 500000000 359755556
295655247 487135002 987135001 271593000
314734892 968055357 1000000000 312883746
410091097 1 500000000 101547816
395764591 485673495 985673494 629609944
392316197 982225101 1000000000 401923300
978742397 1 500000000 868693198
952345206 473602810 973602809 843802954
989338024 936609992 1000000000 407118279
435601763 1 500000000 708018952
479911835 455689929 955689928 387760314
495951397 939650367 1000000000 110290062
180823789 1 500000000 655068878
142644978 461821190 961821189 631314751
191647615 912818553 1000000000 366484209
687180366 1 500000000 924250735
