1000000000 16
491674089 1 500000000 336648490
539994271 451679820 951679819 469043391
517647080 929332630 1000000000 292857884
281124238 1 500000000 712418479
328708776 452415464 952415463 296084141
356807854 924316387 1000000000 648894560
660900926 1 500000000 384729282
657610483 496709559 996709558 909674651
621351247 960450324 1000000000 330890744
697396958 1 500000000 421850265
669426100 472029144 972029143 608027954
634043660 936646705 1000000000 961562001
420665531 1 500000000 27308570
394203963 473538434 973538433 245329531
372255212 951589684 1000000000 636716515
457242423 1 500000000 51666016
