1000000000 16
521719332 635760132 934417526 529743702
1305373 525299245 1000000000 461248301
101171661 237013303 513442486 519226146
461851512 227481783 939390202 642026488
835321835 380826656 1000000000 864581393
774758954 598049287 1000000000 885982602
476039441 1 226851442 609871787
583465229 39282253 1000000000 461528474
450874480 247974887 259094954 885570536
631050171 538055173 1000000000 13134972
725252348 758355711 1000000000 211823007
581363658 266234819 861665545 456188680
470121279 987456139 1000000000 503975018
839267285 770240952 1000000000 874450597
601694500 545876575 771801086 323654385
531343420 966845830 1000000000 548806295
