1000000000 16
206783888 1 794031651 473137665
654757441 181608545 482154540 814079812
199299059 172003379 589586500 977531496
445754685 647415391 1000000000 724703815
30495945 650569357 1000000000 700408250
370373056 15814055 569148871 97147596
592280811 734763422 1000000000 99025581
523660734 98269508 731265642 354985616
252589411 587136944 845846406 395197376
710319218 309274852 1000000000 350836285
349169446 809722355 1000000000 969349313
454881723 890665346 1000000000 400741508
262200552 648371020 1000000000 453628347
401265746 685944649 1000000000 837621861
921113197 871106051 1000000000 590438664
799200454 794701376 1000000000 626696226
