1000000000 16
838698042 1 200000000 534015959
858199116 180498928 380498927 504484211
839907744 362207557 562207556 898913833
847053449 555061853 755061852 910907433
860497726 741617577 941617576 171206653
867040700 935074604 1000000000 676192995
208351725 1 200000000 506499124
228113409 180238318 380238317 768889543
213781548 365906458 565906457 101422195
231460115 548227892 748227891 312408971
229826634 746594412 946594411 757263765
249078401 927342646 1000000000 597520548
208730736 1 200000000 528389859
211266656 197464082 397464081 169664677
200696122 386893549 586893548 526215332
215319447 572270225 772270224 857041447
