1000000000 16
53129883 43438614 576626916 420027795
595715370 217546351 904088926 117669374
501698138 394506898 1000000000 501348919
16794543 467166832 1000000000 430252715
66170783 44326969 740935026 307666284
100432574 105218928 612739989 964426597
66832107 59260547 587707946 695056263
71803431 408687488 1000000000 961323672
810002248 385641381 916493617 115873533
477382488 1 544957760 582927139
988328493 222669322 769173361 828240088
995717638 58115585 592388810 903282390
391029441 71777498 671482405 991411243
749361317 427620258 1000000000 563354167
733765464 404081063 1000000000 560586249
116905033 79147068 664783954 786194962
