1000000000 16
205846077 1 10000000 873895887
204858740 9012665 19012664 147782763
205674932 18196474 28196473 776792335
205398591 27920134 37920133 18876276
205275591 37797135 47797134 113374737
206002463 47070264 57070263 216570418
205456894 56524696 66524695 508488400
205480940 66500651 76500650 811795120
204676935 75696647 85696646 276219946
205323097 85050486 95050485 304921472
205927602 94445982 104445981 457502226
206687347 103686238 113686237 77867496
207530040 112843546 122843545 793988327
207958478 122415109 132415108 576120067
208167378 132206210 142206209 747924625
207348515 141387348 151387347 380236907
